50
T 0 N 41 4 11 21 27 35 36 47 64 67 69 78 81 91 92 94 95 99 100 102 103 105 112 116 118 122 124 126 133 134 138 142 145 153 158 161 162 169 171 182 191 195 
T 1 N 73 5 6 21 23 26 29 30 31 33 35 36 37 39 40 42 44 46 48 52 53 55 58 59 62 64 68 70 72 73 82 84 88 90 97 101 104 106 108 111 112 115 116 118 123 124 129 130 131 137 138 141 142 144 145 147 148 150 154 155 156 157 161 166 167 170 173 174 176 177 178 186 190 193 
T 2 N 107 0 1 2 3 7 8 9 10 13 15 16 17 18 20 21 22 23 24 25 26 30 32 33 34 36 38 41 44 46 48 49 51 53 55 57 58 61 67 68 69 72 75 76 81 83 84 85 86 87 88 91 92 93 99 100 102 103 106 109 110 111 112 114 119 121 122 123 127 128 129 132 134 135 137 138 142 143 145 146 148 150 153 154 155 156 157 158 159 162 168 169 174 176 179 180 182 183 185 187 188 189 190 191 195 196 198 199 
T 3 N 34 16 23 37 41 55 60 63 66 71 79 82 86 87 88 97 101 105 112 113 114 116 118 129 134 139 145 149 153 155 185 186 193 195 196 
T 4 N 53 2 8 14 18 22 24 25 32 33 39 44 46 49 50 53 59 66 68 70 74 77 81 87 92 97 105 110 112 113 114 118 121 129 134 135 144 145 154 156 158 159 161 163 168 172 173 177 182 186 187 191 192 196 
T 5 N 185 0 1 2 3 4 5 6 7 8 9 10 11 12 13 14 15 16 17 18 19 20 21 22 23 24 25 26 27 28 29 30 31 32 33 34 35 36 37 38 39 40 41 43 44 45 47 48 49 50 51 52 53 54 55 56 57 58 59 60 61 62 63 64 65 66 67 69 70 71 72 73 74 75 76 77 78 79 80 81 82 83 84 85 86 87 88 89 90 92 93 94 95 96 97 98 99 100 101 102 103 104 105 106 108 109 111 112 113 114 115 116 117 118 119 120 122 123 124 125 126 127 128 129 130 131 132 134 135 136 137 138 139 140 141 142 143 144 145 146 147 148 149 150 152 153 154 155 156 157 158 159 160 161 162 163 164 165 166 169 170 171 172 173 174 175 176 177 178 181 183 184 185 186 187 188 189 190 191 192 193 194 195 196 197 198 
T 6 N 39 0 8 12 15 25 28 29 67 71 73 76 79 82 84 85 88 89 95 98 110 113 115 123 132 133 141 151 153 154 156 163 168 174 177 178 180 184 188 190 
T 7 N 50 2 5 6 9 12 15 16 21 23 26 30 48 49 54 62 64 66 67 68 73 79 80 81 84 86 87 90 93 102 107 108 109 114 116 118 121 124 126 128 131 136 140 141 145 152 156 162 164 196 198 
T 8 N 91 0 2 4 7 8 15 16 18 22 23 28 29 30 33 34 36 37 38 39 47 48 49 51 52 55 58 59 62 63 64 66 69 75 78 79 81 82 85 86 92 97 98 104 105 110 112 114 115 118 120 121 122 123 124 125 128 130 131 133 135 136 137 140 146 147 149 150 152 154 157 158 160 161 162 164 167 168 169 170 173 175 188 191 192 193 194 195 196 197 198 199 
T 9 N 76 4 5 6 8 9 11 12 15 16 19 21 22 23 26 28 31 34 39 40 47 49 50 55 60 64 68 72 74 81 83 86 89 92 93 95 100 102 108 109 110 112 119 122 131 132 141 143 145 147 150 152 154 156 158 159 161 162 164 165 166 167 168 172 173 174 176 177 179 182 185 187 189 191 194 195 196 
T 10 N 183 0 1 5 6 7 8 10 11 12 13 14 15 17 18 19 20 21 22 23 26 27 28 29 30 31 32 33 34 35 36 37 38 40 41 42 43 44 45 46 47 48 49 50 51 52 53 54 55 56 57 58 59 60 61 62 63 64 65 66 67 68 69 70 71 72 73 74 75 76 77 78 79 80 81 82 83 86 87 88 89 90 91 92 93 94 95 96 97 99 100 101 102 103 104 105 106 108 109 110 111 112 113 114 116 117 118 119 120 121 122 123 124 125 126 127 128 129 130 131 132 133 134 135 136 138 140 141 142 144 145 146 147 148 149 150 151 152 153 154 155 156 158 159 160 161 162 163 164 165 166 167 168 169 170 171 172 173 174 175 176 177 178 179 180 181 182 183 184 185 186 187 188 189 190 191 192 193 194 195 196 197 198 199 
T 11 N 15 13 20 26 71 84 86 97 106 110 118 128 168 185 190 199 
T 12 N 15 27 31 44 67 71 74 85 107 118 131 152 160 180 186 187 
T 13 N 68 0 2 4 6 8 11 13 16 17 21 22 32 35 36 38 40 47 51 53 55 56 59 63 65 68 71 72 74 77 79 80 82 84 85 89 93 95 101 104 105 106 111 113 120 125 131 133 136 137 142 143 153 155 156 159 161 162 164 165 168 175 176 179 181 184 187 188 193 
T 14 N 197 0 1 2 3 4 5 6 7 8 9 10 11 12 13 14 15 16 17 18 19 20 21 22 23 24 25 26 27 28 29 30 31 32 33 34 35 36 37 38 39 40 41 42 43 44 45 46 47 48 49 50 51 52 53 54 55 56 57 58 59 60 61 62 63 64 65 66 67 68 69 70 71 72 73 74 75 76 77 78 79 80 81 82 83 84 85 86 87 88 89 90 91 92 93 94 95 97 98 99 100 101 102 103 104 105 106 107 108 109 110 111 112 113 114 115 117 118 119 120 121 122 123 124 125 126 128 129 130 131 132 133 134 135 136 137 138 139 140 141 142 143 144 145 146 147 148 149 150 151 152 153 154 155 156 157 158 159 160 161 162 163 164 165 166 167 168 169 170 171 172 173 174 175 176 177 178 179 180 181 182 183 184 185 186 187 188 189 190 191 192 193 194 195 196 197 198 199 
T 15 N 102 1 2 3 8 15 16 21 23 24 25 26 27 28 29 31 32 37 38 39 41 43 45 46 47 48 51 52 55 57 58 59 60 62 63 64 65 68 71 72 74 75 77 78 80 82 83 84 85 89 91 92 93 95 97 100 103 105 107 109 110 112 115 117 118 119 120 121 123 124 125 127 129 133 134 135 136 137 138 139 142 144 145 146 156 157 159 161 162 165 169 170 173 174 175 178 181 182 190 193 194 198 199 
T 16 N 85 0 2 4 7 8 11 12 13 14 15 18 19 20 21 24 27 32 33 34 38 39 41 42 51 54 55 56 60 63 66 68 69 72 74 75 76 77 78 85 86 89 90 91 93 101 102 104 105 107 108 109 113 118 121 124 127 133 134 138 139 142 143 146 151 154 156 158 159 161 165 166 167 170 173 176 178 184 185 187 188 190 191 193 197 198 
T 17 N 128 0 2 4 5 6 7 9 10 11 12 16 20 26 28 29 30 31 32 33 34 37 38 40 41 42 43 45 47 49 51 52 53 54 57 58 59 60 61 62 63 64 66 67 69 70 71 72 74 75 76 77 79 81 83 87 88 89 91 92 93 94 98 100 103 104 105 107 108 109 110 111 114 115 116 117 118 119 120 122 123 127 129 130 132 133 134 136 138 139 140 143 144 146 147 151 153 154 156 157 159 160 161 163 164 166 167 169 170 171 173 175 176 177 179 180 181 183 185 186 188 189 190 191 192 193 195 196 198 
T 18 N 41 8 17 21 33 43 53 58 60 61 66 69 70 78 85 87 88 92 93 94 95 97 106 109 112 117 129 134 135 137 138 140 151 157 162 166 174 179 182 183 193 195 
T 19 N 92 0 1 3 4 7 9 11 13 14 17 23 24 26 28 29 30 31 33 34 35 37 40 41 43 44 48 50 52 53 59 62 64 66 70 71 75 76 80 92 93 95 96 99 100 101 105 109 110 111 112 113 118 120 121 122 127 128 130 131 132 134 135 137 138 139 140 142 144 146 154 155 156 157 158 162 165 168 169 170 175 177 180 181 182 185 186 187 189 193 194 195 196 
T 20 N 163 0 1 2 3 4 5 6 10 11 13 14 15 16 18 19 21 23 24 25 26 27 28 31 32 33 34 35 36 37 38 39 40 41 42 43 44 45 46 47 48 50 51 52 53 54 55 56 57 58 59 60 61 62 63 65 66 67 68 69 70 71 72 73 74 77 78 79 80 81 83 84 85 86 88 89 90 92 93 94 95 96 97 98 99 100 101 102 103 104 105 106 107 108 110 111 112 113 114 115 117 118 119 120 122 123 125 126 127 128 129 130 132 134 135 137 139 140 141 142 143 145 146 147 148 149 150 151 153 155 156 157 158 159 161 163 165 166 168 169 171 173 174 175 176 177 178 179 181 182 184 185 186 187 188 189 190 191 193 194 195 196 197 198 
T 21 N 70 0 1 5 6 8 15 16 21 26 28 31 35 38 45 47 49 52 53 56 60 62 65 72 75 77 80 82 84 85 86 87 88 89 91 93 96 97 102 107 108 109 110 111 116 119 125 128 130 135 139 140 143 144 145 147 149 151 154 155 156 158 169 177 179 185 186 188 190 197 199 
T 22 N 54 0 10 12 13 15 20 22 24 33 35 37 40 41 55 56 57 62 63 64 69 73 75 77 78 82 83 84 85 86 87 92 97 99 101 104 108 110 112 113 122 129 132 133 134 137 149 151 153 160 168 174 183 184 192 
T 23 N 53 6 9 13 18 22 28 34 36 37 39 41 47 53 54 55 61 65 66 84 86 90 92 96 98 99 105 106 109 112 115 117 123 124 125 127 130 131 137 138 142 144 146 150 157 167 175 185 192 193 195 196 197 199 
T 24 N 136 0 2 4 5 6 7 8 11 12 13 15 16 18 19 21 22 23 24 25 26 27 32 33 34 36 37 38 39 40 41 42 43 44 45 46 47 48 49 50 51 52 55 56 57 58 59 61 62 65 66 68 69 70 71 72 74 75 76 78 79 81 83 84 85 88 90 91 93 95 96 97 100 101 104 105 106 107 109 110 112 113 114 116 117 118 119 122 123 124 125 127 128 129 133 134 136 137 138 139 140 141 144 145 147 149 150 155 156 157 158 159 161 164 165 166 167 168 170 171 174 176 177 179 180 181 182 184 186 187 189 190 191 195 196 198 199 
T 25 N 18 16 17 24 41 46 59 64 65 66 71 75 91 100 102 105 143 157 191 
T 26 N 32 3 5 10 25 36 46 49 52 56 90 92 96 101 115 123 126 129 132 136 145 146 150 152 153 160 161 170 176 184 189 193 195 
T 27 N 134 0 1 6 7 8 10 11 13 15 17 18 19 20 21 22 23 25 26 29 31 32 33 36 38 39 40 41 42 44 45 47 48 49 50 52 53 55 56 57 58 59 60 61 64 65 66 67 70 71 72 75 76 79 80 81 82 83 84 85 86 88 95 96 97 98 99 101 102 104 105 106 107 108 109 110 111 112 114 115 116 118 119 120 121 122 123 124 128 129 130 131 133 136 137 138 140 141 142 143 145 146 147 149 151 153 154 155 158 162 163 165 166 167 168 169 174 175 176 177 180 181 182 183 184 187 188 189 190 192 193 194 195 197 199 
T 28 N 88 2 5 11 15 16 20 26 30 32 33 36 37 39 41 42 45 48 54 56 57 58 59 60 62 65 67 71 72 73 75 78 80 83 85 86 88 92 95 96 98 99 101 102 103 110 113 115 116 117 119 120 121 122 135 136 139 142 143 145 146 147 152 159 160 164 166 167 169 170 172 173 175 176 177 179 181 182 183 184 185 186 187 189 190 191 192 197 198 
T 29 N 164 2 3 6 8 9 11 12 13 14 15 16 17 18 19 20 21 22 23 24 25 26 27 28 29 30 31 32 33 35 36 37 38 39 42 43 44 45 46 49 50 52 53 54 55 56 57 58 59 60 61 62 63 64 65 66 67 68 69 71 72 73 74 76 78 79 80 81 85 86 87 88 89 90 91 92 94 95 96 99 100 101 102 103 105 106 107 108 111 112 113 114 115 116 117 118 119 120 121 122 123 124 125 126 127 128 129 131 132 133 134 136 137 138 139 140 141 144 145 146 147 148 151 152 153 154 155 156 157 158 159 160 161 162 163 164 165 166 168 169 170 171 172 173 174 175 176 177 178 179 182 183 184 185 186 187 188 189 190 191 192 193 195 196 199 
T 30 N 135 0 3 4 5 6 9 10 11 15 16 17 20 23 24 25 26 28 29 30 32 35 37 38 40 42 44 45 47 49 50 52 53 54 55 56 57 59 60 61 64 65 67 68 69 70 71 72 73 77 79 81 82 83 86 88 90 91 92 93 94 96 98 99 100 102 104 105 108 109 111 112 113 116 117 118 119 120 121 124 125 126 128 132 133 134 135 136 138 139 141 142 143 144 145 146 147 148 149 150 152 153 154 156 157 158 159 160 161 162 165 166 167 168 169 170 173 174 176 177 178 179 180 181 183 184 186 187 188 190 191 192 193 196 197 199 
T 31 N 193 0 1 2 3 4 5 6 7 8 9 10 11 12 13 14 15 16 17 18 19 20 21 22 23 24 25 26 27 28 29 30 31 32 33 34 35 36 37 38 39 40 41 42 43 44 45 46 47 48 49 50 51 52 53 54 55 56 57 58 59 60 61 62 63 64 65 66 67 68 69 70 71 72 73 74 75 76 77 78 79 80 81 82 83 84 85 86 87 88 90 91 93 94 95 96 98 99 100 101 102 103 105 106 107 109 110 111 113 114 115 116 117 118 119 120 121 122 123 124 125 126 127 128 129 130 131 132 133 134 135 136 137 138 139 140 141 142 143 144 145 146 147 148 149 150 151 152 153 154 155 156 157 158 159 160 161 162 163 164 165 166 167 168 169 170 171 172 173 174 175 176 177 179 180 181 182 183 184 185 186 187 188 189 190 191 192 193 194 195 196 197 198 199 
T 32 N 153 0 1 2 3 4 5 7 8 10 11 12 15 16 17 18 19 20 21 23 24 27 28 29 31 32 33 34 35 36 37 38 40 41 42 45 46 47 48 49 50 51 52 53 54 55 56 57 58 59 60 61 62 63 64 65 67 68 71 73 74 76 78 79 80 81 82 84 88 89 90 91 92 93 94 95 96 98 99 100 102 103 104 105 107 110 111 112 113 114 115 118 119 122 123 126 127 128 129 131 132 134 135 137 138 139 142 143 144 145 146 147 148 149 150 151 152 153 154 155 156 157 158 159 160 161 162 165 166 167 168 169 170 171 172 174 176 177 178 179 181 183 184 185 186 187 188 189 190 193 194 195 197 199 
T 33 N 135 0 1 3 4 8 9 10 12 14 15 16 18 20 21 22 23 25 26 28 29 31 35 37 38 40 42 43 44 45 48 49 50 51 53 54 55 57 58 62 63 65 66 67 68 70 72 75 77 78 79 80 81 82 84 85 86 88 89 91 92 93 94 95 96 99 100 102 105 106 107 109 110 112 114 116 117 118 119 121 122 123 124 125 126 128 130 131 132 135 136 137 138 139 140 141 143 144 145 146 147 148 149 151 152 154 156 157 159 161 162 164 165 166 168 169 170 173 174 175 176 177 179 183 184 185 186 187 190 191 192 193 194 197 198 199 
T 34 N 146 1 3 4 5 6 7 9 11 12 14 15 16 17 20 21 23 24 25 27 28 29 30 32 33 34 35 36 37 38 39 41 43 45 46 47 48 49 51 52 53 54 56 57 58 59 62 63 66 68 70 71 72 73 74 75 76 77 78 79 81 82 83 84 85 86 88 89 90 92 98 99 101 102 104 105 106 108 109 110 112 114 115 116 117 118 119 120 122 123 124 125 129 131 132 133 134 135 136 138 139 140 141 142 143 144 147 148 149 150 151 154 155 156 157 160 161 162 164 165 166 167 168 169 170 173 174 175 176 177 180 181 182 183 184 185 187 188 189 191 192 193 194 195 196 197 198 
T 35 N 155 1 2 3 6 7 9 10 11 12 13 16 18 21 22 25 26 27 29 30 32 35 37 38 39 40 41 42 43 44 46 47 48 49 50 51 52 54 55 56 58 59 60 62 63 64 65 66 67 68 69 70 71 73 74 75 76 78 79 80 81 82 84 85 86 87 88 89 90 91 93 94 96 97 98 99 100 102 103 104 105 107 109 110 111 112 113 114 115 116 118 119 120 121 122 123 124 125 126 127 128 129 130 131 133 134 136 137 139 140 141 144 146 148 149 150 151 152 153 154 155 156 157 158 159 160 161 162 163 164 165 166 170 172 173 174 175 176 177 178 180 182 183 185 186 187 188 189 191 192 193 194 196 197 198 199 
T 36 N 2 101 137 
T 37 N 101 4 6 7 9 11 12 13 14 16 17 20 21 25 28 30 33 34 35 37 38 42 43 44 45 46 48 49 50 51 52 53 57 58 59 62 64 65 70 73 76 80 81 88 89 90 93 97 100 101 102 104 106 108 110 111 112 115 116 118 121 123 129 131 132 133 135 136 137 138 140 141 143 144 145 149 151 152 153 159 162 163 164 165 167 169 170 171 172 178 180 182 183 184 185 186 187 193 194 195 196 199 
T 38 N 29 15 21 29 35 39 44 58 73 80 83 105 111 113 121 130 132 133 134 137 146 160 161 163 164 170 187 189 197 199 
T 39 N 183 0 2 3 4 5 6 7 8 9 10 11 12 13 14 15 17 18 19 20 21 22 23 24 25 26 27 28 29 30 31 32 33 34 35 36 37 38 39 40 41 42 43 44 45 46 47 48 49 50 51 52 53 54 55 56 57 59 60 61 62 63 64 65 66 67 68 70 71 72 73 74 75 76 78 79 80 82 83 84 85 86 87 88 89 90 92 93 95 96 97 98 99 100 101 102 103 104 105 106 107 108 109 110 111 113 115 116 117 118 119 120 121 123 124 125 126 127 128 129 130 131 132 133 134 135 136 137 138 139 140 141 142 143 144 145 146 147 148 149 150 151 152 153 154 155 156 157 158 159 160 161 162 164 165 166 167 168 169 170 171 173 174 176 177 178 179 180 181 182 183 184 186 187 188 190 191 192 193 194 195 197 198 199 
T 40 N 114 0 3 5 6 9 14 15 19 22 23 26 30 31 33 34 35 38 39 41 43 44 46 47 48 50 51 53 55 60 61 62 64 65 66 71 72 74 76 80 81 82 83 84 85 86 88 89 90 91 93 97 98 99 100 104 108 110 113 115 116 118 119 120 121 122 123 124 125 126 127 128 130 131 132 134 135 137 139 140 141 142 143 144 145 147 149 152 156 157 160 162 163 165 166 167 168 170 173 174 177 178 180 181 182 186 187 190 191 192 193 194 196 197 199 
T 41 N 123 1 3 4 5 6 7 8 9 10 11 12 13 14 15 16 17 18 20 21 22 23 24 25 26 27 29 30 31 32 33 34 35 37 39 43 44 45 48 49 50 51 53 55 59 62 63 66 68 70 72 75 76 77 78 80 83 84 85 86 87 88 92 94 95 97 98 99 100 101 102 103 105 109 110 111 112 114 120 121 122 123 124 125 127 129 130 131 133 135 137 138 139 141 142 145 148 149 151 156 159 160 161 164 166 167 168 169 171 172 174 176 178 181 182 183 184 187 192 194 195 196 198 199 
T 42 N 184 0 1 2 3 4 5 6 7 8 10 11 12 13 14 15 16 17 18 19 20 21 22 23 24 25 26 27 28 29 30 31 32 33 34 36 37 38 39 40 41 42 43 44 45 46 47 48 49 50 51 52 53 54 55 56 57 58 59 60 61 62 63 64 65 66 68 69 70 71 72 73 74 75 76 77 78 80 81 82 83 84 86 87 88 89 90 91 92 93 94 95 96 97 98 99 100 101 102 103 104 105 106 107 108 109 111 112 113 114 115 116 117 118 119 120 121 122 124 125 126 127 128 129 130 131 132 133 134 135 136 137 138 139 140 141 142 144 145 146 147 148 149 150 151 152 154 156 157 158 159 160 161 162 163 166 167 168 169 170 171 173 174 175 176 177 178 180 181 182 183 185 186 187 188 189 190 191 192 193 194 196 197 198 199 
T 43 N 146 1 2 3 6 9 12 13 14 15 16 17 18 19 20 21 22 24 25 26 27 28 30 31 32 37 38 39 40 41 42 43 44 45 46 47 49 50 52 54 55 56 57 58 60 61 62 63 65 66 67 68 69 70 74 75 76 78 79 81 82 83 84 86 87 90 91 93 94 95 96 97 98 99 100 103 104 105 106 107 108 109 111 112 113 114 116 118 119 120 121 122 123 126 127 128 129 132 133 134 135 138 139 140 141 142 144 145 146 148 149 150 151 155 156 158 159 160 161 162 166 167 169 171 173 174 175 176 177 178 179 180 181 182 183 184 186 187 188 189 191 192 193 194 195 197 199 
T 44 N 177 0 1 2 4 5 6 7 8 9 10 11 12 14 15 16 17 19 20 21 22 23 24 25 26 27 29 30 31 32 33 34 35 36 37 38 39 40 41 42 43 44 45 47 48 49 50 52 53 54 55 56 57 58 60 61 62 63 64 65 66 67 68 69 70 71 72 73 74 75 76 77 78 80 81 82 83 85 86 87 88 89 90 91 92 93 94 95 96 98 99 100 101 102 103 104 106 107 108 109 110 111 112 113 115 116 117 118 119 121 122 123 124 125 127 129 130 131 132 133 134 135 136 137 138 139 140 142 143 144 145 146 147 148 150 151 153 155 156 157 158 159 160 161 162 163 164 165 166 168 169 170 171 172 173 175 176 177 178 180 181 182 183 184 186 187 188 189 190 191 192 193 194 195 196 197 198 199 
T 45 N 94 0 1 2 3 5 7 8 10 11 13 15 17 20 23 26 29 30 32 33 35 37 40 41 42 45 46 47 48 49 52 55 57 58 60 63 66 68 69 71 73 75 76 77 78 83 86 90 92 99 103 104 105 106 107 111 113 114 116 117 119 120 123 125 126 129 134 135 137 139 141 143 148 155 158 159 160 162 167 168 172 174 176 177 178 180 183 184 186 187 189 190 191 194 198 
T 46 N 14 26 28 40 48 53 66 73 87 109 113 127 150 165 176 
T 47 N 153 0 1 2 4 5 7 10 11 12 13 14 17 18 19 20 23 26 27 28 29 30 31 32 33 34 35 36 37 38 42 43 44 45 46 47 48 49 50 51 52 53 54 55 56 58 60 61 62 64 65 66 67 68 69 70 71 72 73 74 75 76 77 78 81 82 83 84 85 86 87 88 89 90 93 94 95 96 97 98 100 101 102 104 105 106 107 108 109 110 112 113 116 117 118 119 120 123 124 125 127 128 129 130 132 133 137 138 139 140 141 143 144 146 147 148 152 153 154 155 159 160 163 164 165 166 167 168 169 170 171 172 173 174 175 177 178 180 183 185 186 187 188 189 190 191 192 193 194 195 196 197 198 199 
T 48 N 44 0 15 22 24 31 39 44 49 58 70 73 76 77 82 84 96 101 103 105 106 111 112 114 123 125 128 139 140 141 143 152 159 163 171 172 175 178 187 188 189 194 195 196 197 
T 49 N 185 0 1 2 3 4 5 6 7 8 9 10 11 12 13 14 15 16 17 18 19 20 21 22 23 24 25 26 27 28 29 30 31 34 35 36 37 38 39 40 42 43 44 46 47 48 49 50 51 52 53 54 55 56 57 58 59 60 61 62 63 64 65 66 67 68 69 70 71 72 73 74 75 77 78 79 81 82 83 84 85 86 87 88 89 90 91 92 93 94 95 96 97 98 99 100 101 102 103 104 105 106 107 108 111 112 113 114 115 116 117 118 119 120 121 122 123 124 125 126 127 129 130 131 133 134 135 136 137 138 139 140 141 142 143 144 145 146 147 148 149 150 151 152 154 155 156 157 158 160 161 162 163 164 165 166 167 168 171 172 173 174 175 176 178 179 180 181 182 183 184 185 186 187 188 189 190 191 192 193 194 195 196 197 198 199 
