Item 0 Transactions 2 5 6 8 10 13 14 16 17 19 20 21 22 24 27 30 31 32 33 39 40 42 44 45 47 48 49 
Item 1 Transactions 2 5 10 14 15 19 20 21 27 31 32 33 34 35 41 42 43 44 45 47 49 
Item 2 Transactions 2 4 5 7 8 13 14 15 16 17 20 24 28 29 31 32 35 39 42 43 44 45 47 49 
Item 3 Transactions 2 5 14 15 19 20 26 29 30 31 32 33 34 35 39 40 41 42 43 45 49 
Item 4 Transactions 0 5 8 9 13 14 16 17 19 20 24 30 31 32 33 34 37 39 41 42 44 47 49 
Item 5 Transactions 1 5 7 9 10 14 17 20 21 24 26 28 30 31 32 34 39 40 41 42 44 45 47 49 
Item 6 Transactions 1 5 7 9 10 13 14 17 20 21 23 24 27 29 30 31 34 35 37 39 40 41 42 43 44 49 
Item 7 Transactions 2 5 8 10 14 16 17 19 24 27 31 32 34 35 37 39 41 42 44 45 47 49 
Item 8 Transactions 2 4 5 6 8 9 10 13 14 15 16 18 21 24 27 29 31 32 33 39 41 42 44 45 49 
Item 9 Transactions 2 5 7 9 14 17 19 23 29 30 31 33 34 35 37 39 40 41 43 44 49 
Item 10 Transactions 2 5 10 14 17 20 22 26 27 30 31 32 33 35 39 41 42 44 45 47 49 
Item 11 Transactions 0 5 9 10 13 14 16 17 19 20 24 27 28 29 30 31 32 34 35 37 39 41 42 44 45 47 49 
Item 12 Transactions 5 6 7 9 10 14 16 17 22 24 29 31 32 33 34 35 37 39 41 42 43 44 47 49 
Item 13 Transactions 2 5 10 11 13 14 16 19 20 22 23 24 27 29 31 35 37 39 41 42 43 45 47 49 
Item 14 Transactions 4 5 10 14 16 19 20 29 31 33 34 37 39 40 41 42 43 44 47 49 
Item 15 Transactions 2 5 6 7 8 9 10 14 15 16 20 21 22 24 27 28 29 30 31 32 33 34 38 39 40 41 42 43 44 45 48 49 
Item 16 Transactions 2 3 5 7 8 9 13 14 15 17 20 21 24 25 28 29 30 31 32 33 34 35 37 41 42 43 44 49 
Item 17 Transactions 2 5 10 13 14 18 19 25 27 29 30 31 32 34 37 39 41 42 43 44 45 47 49 
Item 18 Transactions 2 4 5 8 10 14 16 20 23 24 27 29 31 32 33 35 39 41 42 43 47 49 
Item 19 Transactions 5 9 10 14 16 20 24 27 29 31 32 39 40 42 43 44 47 49 
Item 20 Transactions 2 5 10 11 14 16 17 22 27 28 29 30 31 32 33 34 37 39 41 42 43 44 45 47 49 
Item 21 Transactions 0 1 2 5 7 9 10 13 14 15 16 18 20 21 24 27 29 31 32 33 34 35 37 38 39 41 42 43 44 49 
Item 22 Transactions 2 4 5 8 9 10 13 14 22 23 24 27 29 31 33 35 39 40 41 42 43 44 48 49 
Item 23 Transactions 1 2 3 5 7 8 9 10 14 15 19 20 24 27 29 30 31 32 33 34 39 40 41 42 44 45 47 49 
Item 24 Transactions 2 4 5 14 15 16 19 20 22 24 25 29 30 31 32 34 39 41 42 43 44 48 49 
Item 25 Transactions 2 4 5 6 14 15 20 24 26 27 29 30 31 33 34 35 37 39 41 42 43 44 49 
Item 26 Transactions 1 2 5 7 9 10 11 14 15 17 19 20 21 24 27 28 29 30 31 33 35 39 40 41 42 43 44 45 46 47 49 
Item 27 Transactions 0 5 10 12 14 15 16 20 24 29 31 32 34 35 39 41 42 43 44 47 49 
Item 28 Transactions 5 6 8 9 10 14 15 17 19 20 21 23 29 30 31 32 33 34 37 39 42 43 46 47 49 
Item 29 Transactions 1 5 6 8 10 14 15 17 19 27 29 30 31 32 33 34 35 38 39 41 42 44 45 47 49 
Item 30 Transactions 1 2 5 7 8 10 14 17 19 28 29 30 31 34 35 37 39 40 41 42 43 44 45 47 49 
Item 31 Transactions 1 5 9 10 12 14 15 17 19 20 21 27 29 31 32 33 39 40 41 42 43 44 47 48 49 
Item 32 Transactions 2 4 5 10 13 14 15 16 17 20 24 27 28 29 30 31 32 34 35 39 41 42 43 44 45 47 
Item 33 Transactions 1 2 4 5 8 10 14 16 17 18 19 20 22 24 27 28 29 31 32 34 37 39 40 41 42 44 45 47 
Item 34 Transactions 2 5 8 9 10 14 16 17 19 20 23 24 31 32 34 37 39 40 41 42 44 47 49 
Item 35 Transactions 0 1 5 10 13 14 19 20 21 22 29 30 31 32 33 34 35 37 38 39 40 41 44 45 47 49 
Item 36 Transactions 0 1 2 5 8 10 13 14 20 23 24 26 27 28 29 31 32 34 39 42 44 47 49 
Item 37 Transactions 1 3 5 8 10 14 15 17 19 20 22 23 24 28 29 30 31 32 33 34 35 37 39 41 42 43 44 45 47 49 
Item 38 Transactions 2 5 8 10 13 14 15 16 17 20 21 24 27 29 30 31 32 33 34 35 37 39 40 42 43 44 47 49 
Item 39 Transactions 1 4 5 8 9 14 15 16 20 23 24 27 28 29 31 34 35 38 39 40 41 42 43 44 48 49 
Item 40 Transactions 1 5 9 10 13 14 17 19 20 22 24 27 30 31 32 33 35 39 42 43 44 45 46 49 
Item 41 Transactions 2 3 5 10 14 15 16 17 19 20 22 23 24 25 27 28 31 32 34 35 39 40 42 43 44 45 
Item 42 Transactions 1 10 14 16 17 20 24 27 28 29 30 31 32 33 35 37 39 42 43 44 45 47 49 
Item 43 Transactions 5 10 14 15 17 18 19 20 24 29 31 33 34 35 37 39 40 41 42 43 44 47 49 
Item 44 Transactions 1 2 4 5 10 12 14 19 20 24 27 29 30 31 33 35 37 38 39 40 41 42 43 44 47 48 49 
Item 45 Transactions 5 10 14 15 17 20 21 24 27 28 29 30 31 32 33 34 37 39 41 42 43 44 45 47 
Item 46 Transactions 1 2 4 10 14 15 20 24 25 26 29 31 32 34 35 37 39 40 42 43 45 47 49 
Item 47 Transactions 0 5 8 9 10 13 14 15 17 20 21 23 24 27 30 31 32 34 35 39 40 42 43 44 45 47 49 
Item 48 Transactions 1 2 5 7 8 10 14 15 19 20 24 27 28 31 32 33 34 35 37 39 40 41 42 44 45 46 47 49 
Item 49 Transactions 2 4 5 7 8 9 10 14 17 21 24 26 27 29 30 31 32 33 34 35 37 39 41 42 43 44 45 47 48 49 
