[ -1 50]
[ 15 3]
[ 86 1]
[ 26 1]
[ 156 1]
[ 21 1]
[ 145 1]
[ 49 1]
[ 88 1]
[ 62 1]
[ 53 1]
[ 93 1]
[ 110 1]
[ 84 1]
[ 139 1]
[ 38 1]
[ 16 1]
[ 186 1]
[ 177 1]
[ 47 1]
[ 102 1]
[ 109 1]
[ 0 1]
[ 190 1]
[ 85 1]
[ 119 1]
[ 75 1]
[ 72 1]
[ 52 1]
[ 116 1]
[ 111 1]
[ 135 1]
[ 169 1]
[ 140 1]
[ 144 1]
[ 199 1]
[ 60 1]
[ 65 1]
[ 6 1]
[ 35 1]
[ 82 1]
[ 8 1]
[ 143 1]
[ 158 1]
[ 125 1]
[ 28 1]
[ 188 1]
[ 31 1]
[ 197 1]
[ 154 1]
[ 128 1]
[ 147 1]
[ 45 1]
[ 56 1]
[ 185 1]
[ 5 1]
[ 97 1]
[ 96 1]
[ 155 1]
[ 151 1]
[ 149 1]
[ 80 1]
[ 89 1]
[ 108 1]
[ 130 1]
[ 77 1]
[ 87 1]
[ 107 1]
[ 91 1]
[ 1 1]
[ 179 1]
[ 112 1]
[ 86 1]
[ 55 1]
[ 137 1]
[ 37 1]
[ 62 1]
[ 134 1]
[ 129 1]
[ 84 1]
[ 92 1]
[ 110 1]
[ 33 1]
[ 113 1]
[ 168 1]
[ 174 1]
[ 0 1]
[ 75 1]
[ 85 1]
[ 122 1]
[ 64 1]
[ 78 1]
[ 82 1]
[ 35 1]
[ 133 1]
[ 101 1]
[ 41 1]
[ 99 1]
[ 160 1]
[ 132 1]
[ 20 1]
[ 104 1]
[ 183 1]
[ 184 1]
[ 83 1]
[ 73 1]
[ 13 1]
[ 40 1]
[ 12 1]
[ 192 1]
[ 22 1]
[ 97 1]
[ 56 1]
[ 57 1]
[ 63 1]
[ 24 1]
[ 108 1]
[ 149 1]
[ 151 1]
[ 69 1]
[ 153 1]
[ 87 1]
[ 77 1]
[ 10 1]
[ 156 1]
[ 123 1]
[ 71 1]
[ 88 1]
[ 177 1]
[ 174 1]
[ 168 1]
[ 113 1]
[ 110 1]
[ 84 1]
[ 190 1]
[ 0 1]
[ 85 1]
[ 82 1]
[ 141 1]
[ 133 1]
[ 8 1]
[ 188 1]
[ 184 1]
[ 28 1]
[ 29 1]
[ 154 1]
[ 132 1]
[ 73 1]
[ 76 1]
[ 95 1]
[ 12 1]
[ 67 1]
[ 115 1]
[ 151 1]
[ 25 1]
[ 178 1]
[ 89 1]
[ 153 1]
[ 98 1]
[ 180 1]
[ 79 1]
[ 163 1]
[ 26 1]
[ 66 1]
[ 53 1]
[ 176 1]
[ 48 1]
[ 113 1]
[ 109 1]
[ 28 1]
[ 73 1]
[ 165 1]
[ 40 1]
[ 127 1]
[ 87 1]
[ 150 1]
[ 105 12]
[ 66 1]
[ 71 1]
[ 191 1]
[ 16 1]
[ 75 1]
[ 100 1]
[ 102 1]
[ 59 1]
[ 64 1]
[ 65 1]
[ 41 1]
[ 143 1]
[ 157 1]
[ 46 1]
[ 24 1]
[ 17 1]
[ 91 1]
[ 112 1]
[ 86 1]
[ 193 1]
[ 66 1]
[ 55 1]
[ 37 1]
[ 137 1]
[ 123 1]
[ 53 1]
[ 92 1]
[ 195 1]
[ 84 1]
[ 138 1]
[ 47 1]
[ 109 1]
[ 146 1]
[ 196 1]
[ 6 1]
[ 144 1]
[ 99 1]
[ 199 1]
[ 65 1]
[ 39 1]
[ 41 1]
[ 28 1]
[ 142 1]
[ 157 1]
[ 131 1]
[ 125 1]
[ 124 1]
[ 106 1]
[ 90 1]
[ 197 1]
[ 185 1]
[ 192 1]
[ 22 1]
[ 167 1]
[ 13 1]
[ 175 1]
[ 96 1]
[ 34 1]
[ 36 1]
[ 127 1]
[ 115 1]
[ 150 1]
[ 130 1]
[ 54 1]
[ 18 1]
[ 98 1]
[ 117 1]
[ 61 1]
[ 9 1]
[ 118 5]
[ 15 2]
[ 112 2]
[ 86 1]
[ 55 1]
[ 193 1]
[ 66 1]
[ 49 1]
[ 37 1]
[ 123 1]
[ 137 1]
[ 62 1]
[ 161 1]
[ 33 1]
[ 23 1]
[ 162 1]
[ 38 1]
[ 168 1]
[ 110 1]
[ 48 1]
[ 16 1]
[ 191 1]
[ 92 1]
[ 195 1]
[ 58 1]
[ 75 1]
[ 81 1]
[ 0 1]
[ 85 1]
[ 146 1]
[ 196 1]
[ 52 1]
[ 47 1]
[ 39 1]
[ 133 1]
[ 135 1]
[ 140 1]
[ 122 1]
[ 169 1]
[ 170 1]
[ 78 1]
[ 199 1]
[ 64 1]
[ 59 1]
[ 82 1]
[ 160 1]
[ 29 1]
[ 154 1]
[ 157 1]
[ 158 1]
[ 8 1]
[ 28 1]
[ 197 1]
[ 30 1]
[ 194 1]
[ 173 1]
[ 188 1]
[ 131 1]
[ 104 1]
[ 125 1]
[ 121 1]
[ 124 1]
[ 120 1]
[ 192 1]
[ 114 1]
[ 97 1]
[ 167 1]
[ 22 1]
[ 2 1]
[ 63 1]
[ 147 1]
[ 128 1]
[ 34 1]
[ 36 1]
[ 4 1]
[ 149 1]
[ 115 1]
[ 51 1]
[ 175 1]
[ 198 1]
[ 136 1]
[ 79 1]
[ 7 1]
[ 98 1]
[ 18 1]
[ 164 1]
[ 152 1]
[ 150 1]
[ 69 1]
[ 130 1]
[ 193 1]
[ 55 1]
[ 26 1]
[ 156 1]
[ 137 1]
[ 37 1]
[ 21 1]
[ 123 1]
[ 145 1]
[ 129 1]
[ 62 1]
[ 161 1]
[ 134 1]
[ 71 1]
[ 48 1]
[ 110 1]
[ 58 1]
[ 93 1]
[ 84 1]
[ 92 1]
[ 174 1]
[ 138 1]
[ 139 1]
[ 16 1]
[ 38 1]
[ 23 1]
[ 159 1]
[ 162 1]
[ 68 1]
[ 190 1]
[ 85 1]
[ 100 1]
[ 109 1]
[ 75 1]
[ 72 1]
[ 119 1]
[ 146 1]
[ 47 1]
[ 52 1]
[ 169 1]
[ 199 1]
[ 170 1]
[ 144 1]
[ 133 1]
[ 135 1]
[ 41 1]
[ 59 1]
[ 60 1]
[ 82 1]
[ 39 1]
[ 78 1]
[ 32 1]
[ 64 1]
[ 65 1]
[ 157 1]
[ 142 1]
[ 125 1]
[ 124 1]
[ 121 1]
[ 31 1]
[ 29 1]
[ 28 1]
[ 194 1]
[ 165 1]
[ 173 1]
[ 8 1]
[ 182 1]
[ 95 1]
[ 83 1]
[ 45 1]
[ 57 1]
[ 2 1]
[ 97 1]
[ 63 1]
[ 120 1]
[ 74 1]
[ 46 1]
[ 89 1]
[ 178 1]
[ 175 1]
[ 80 1]
[ 24 1]
[ 25 1]
[ 115 1]
[ 198 1]
[ 127 1]
[ 51 1]
[ 43 1]
[ 136 1]
[ 77 1]
[ 107 1]
[ 181 1]
[ 91 1]
[ 1 1]
[ 3 1]
[ 27 1]
[ 117 1]
[ 103 1]
[ 66 1]
[ 193 1]
[ 156 1]
[ 26 1]
[ 49 1]
[ 37 1]
[ 123 1]
[ 88 1]
[ 62 1]
[ 71 1]
[ 53 1]
[ 161 1]
[ 134 1]
[ 129 1]
[ 176 1]
[ 92 1]
[ 110 1]
[ 195 1]
[ 191 1]
[ 58 1]
[ 139 1]
[ 159 1]
[ 138 1]
[ 16 1]
[ 186 1]
[ 93 1]
[ 38 1]
[ 177 1]
[ 33 1]
[ 75 1]
[ 119 1]
[ 81 1]
[ 100 1]
[ 72 1]
[ 0 1]
[ 109 1]
[ 146 1]
[ 166 1]
[ 11 1]
[ 190 1]
[ 47 1]
[ 52 1]
[ 196 1]
[ 6 1]
[ 64 1]
[ 116 1]
[ 60 1]
[ 122 1]
[ 32 1]
[ 170 1]
[ 169 1]
[ 59 1]
[ 41 1]
[ 133 1]
[ 111 1]
[ 144 1]
[ 140 1]
[ 104 1]
[ 154 1]
[ 189 1]
[ 188 1]
[ 183 1]
[ 173 1]
[ 132 1]
[ 160 1]
[ 157 1]
[ 143 1]
[ 70 1]
[ 76 1]
[ 31 1]
[ 20 1]
[ 83 1]
[ 28 1]
[ 29 1]
[ 30 1]
[ 147 1]
[ 63 1]
[ 167 1]
[ 40 1]
[ 74 1]
[ 45 1]
[ 185 1]
[ 120 1]
[ 12 1]
[ 192 1]
[ 5 1]
[ 57 1]
[ 2 1]
[ 114 1]
[ 43 1]
[ 51 1]
[ 175 1]
[ 42 1]
[ 34 1]
[ 108 1]
[ 4 1]
[ 198 1]
[ 115 1]
[ 151 1]
[ 67 1]
[ 89 1]
[ 136 1]
[ 127 1]
[ 54 1]
[ 107 1]
[ 98 1]
[ 7 1]
[ 181 1]
[ 180 1]
[ 87 1]
[ 130 1]
[ 79 1]
[ 77 1]
[ 69 1]
[ 164 1]
[ 153 1]
[ 91 1]
[ 10 1]
[ 9 1]
[ 117 1]
[ 103 1]
[ 61 1]
[ 179 1]
[ 171 1]
[ 94 1]
[ 163 1]
[ 112 1]
[ 193 1]
[ 55 1]
[ 66 1]
[ 86 1]
[ 37 1]
[ 145 1]
[ 71 1]
[ 134 1]
[ 129 1]
[ 88 1]
[ 139 1]
[ 113 1]
[ 16 1]
[ 186 1]
[ 195 1]
[ 23 1]
[ 196 1]
[ 101 1]
[ 116 1]
[ 82 1]
[ 60 1]
[ 41 1]
[ 114 1]
[ 97 1]
[ 63 1]
[ 185 1]
[ 149 1]
[ 155 1]
[ 87 1]
[ 79 1]
[ 153 1]
[ 187 1]
[ 112 1]
[ 15 1]
[ 86 1]
[ 193 1]
[ 55 1]
[ 156 1]
[ 26 1]
[ 66 1]
[ 123 1]
[ 137 1]
[ 145 1]
[ 21 1]
[ 37 1]
[ 49 1]
[ 62 1]
[ 88 1]
[ 134 1]
[ 53 1]
[ 129 1]
[ 161 1]
[ 71 1]
[ 176 1]
[ 195 1]
[ 48 1]
[ 191 1]
[ 113 1]
[ 58 1]
[ 93 1]
[ 38 1]
[ 186 1]
[ 174 1]
[ 84 1]
[ 168 1]
[ 92 1]
[ 138 1]
[ 139 1]
[ 162 1]
[ 16 1]
[ 23 1]
[ 85 1]
[ 81 1]
[ 72 1]
[ 75 1]
[ 102 1]
[ 100 1]
[ 68 1]
[ 52 1]
[ 47 1]
[ 44 1]
[ 0 1]
[ 119 1]
[ 196 1]
[ 190 1]
[ 11 1]
[ 166 1]
[ 146 1]
[ 199 1]
[ 78 1]
[ 82 1]
[ 144 1]
[ 141 1]
[ 140 1]
[ 135 1]
[ 133 1]
[ 122 1]
[ 99 1]
[ 116 1]
[ 101 1]
[ 111 1]
[ 59 1]
[ 39 1]
[ 60 1]
[ 6 1]
[ 35 1]
[ 65 1]
[ 64 1]
[ 29 1]
[ 104 1]
[ 189 1]
[ 106 1]
[ 188 1]
[ 143 1]
[ 142 1]
[ 184 1]
[ 28 1]
[ 124 1]
[ 30 1]
[ 31 1]
[ 131 1]
[ 8 1]
[ 121 1]
[ 125 1]
[ 20 1]
[ 165 1]
[ 73 1]
[ 70 1]
[ 83 1]
[ 197 1]
[ 173 1]
[ 160 1]
[ 90 1]
[ 194 1]
[ 158 1]
[ 157 1]
[ 154 1]
[ 95 1]
[ 182 1]
[ 183 1]
[ 12 1]
[ 185 1]
[ 147 1]
[ 22 1]
[ 13 1]
[ 167 1]
[ 120 1]
[ 74 1]
[ 40 1]
[ 97 1]
[ 2 1]
[ 5 1]
[ 57 1]
[ 56 1]
[ 114 1]
[ 63 1]
[ 50 1]
[ 192 1]
[ 151 1]
[ 36 1]
[ 155 1]
[ 178 1]
[ 4 1]
[ 89 1]
[ 17 1]
[ 175 1]
[ 67 1]
[ 198 1]
[ 149 1]
[ 127 1]
[ 42 1]
[ 34 1]
[ 43 1]
[ 115 1]
[ 136 1]
[ 46 1]
[ 25 1]
[ 24 1]
[ 51 1]
[ 108 1]
[ 96 1]
[ 180 1]
[ 7 1]
[ 181 1]
[ 77 1]
[ 164 1]
[ 79 1]
[ 69 1]
[ 87 1]
[ 98 1]
[ 54 1]
[ 107 1]
[ 130 1]
[ 150 1]
[ 152 1]
[ 18 1]
[ 1 1]
[ 3 1]
[ 91 1]
[ 61 1]
[ 10 1]
[ 103 1]
[ 9 1]
[ 117 1]
[ 27 1]
[ 148 1]
[ 14 1]
[ 126 1]
[ 94 1]
[ 163 1]
[ 171 1]
[ 179 1]
[ 19 1]
[ 172 1]
[ 187 5]
[ 15 1]
[ 112 1]
[ 123 1]
[ 49 1]
[ 139 1]
[ 159 1]
[ 84 1]
[ 58 1]
[ 195 1]
[ 44 1]
[ 196 1]
[ 0 1]
[ 82 1]
[ 39 1]
[ 101 1]
[ 141 1]
[ 111 1]
[ 140 1]
[ 194 1]
[ 189 1]
[ 188 1]
[ 143 1]
[ 197 1]
[ 125 1]
[ 106 1]
[ 31 1]
[ 70 1]
[ 73 1]
[ 76 1]
[ 128 1]
[ 22 1]
[ 114 1]
[ 175 1]
[ 178 1]
[ 96 1]
[ 24 1]
[ 77 1]
[ 152 1]
[ 103 1]
[ 171 1]
[ 163 1]
[ 172 1]
[ 118 4]
[ 112 4]
[ 15 3]
[ 55 1]
[ 156 1]
[ 193 1]
[ 49 1]
[ 37 1]
[ 123 1]
[ 21 1]
[ 137 1]
[ 145 1]
[ 176 1]
[ 88 1]
[ 71 1]
[ 129 1]
[ 134 1]
[ 62 1]
[ 161 1]
[ 53 1]
[ 138 1]
[ 159 1]
[ 38 1]
[ 48 1]
[ 110 1]
[ 58 1]
[ 139 1]
[ 33 1]
[ 162 1]
[ 23 1]
[ 93 1]
[ 168 1]
[ 113 1]
[ 16 1]
[ 174 1]
[ 92 1]
[ 177 1]
[ 186 1]
[ 195 1]
[ 84 1]
[ 100 1]
[ 102 1]
[ 81 1]
[ 68 1]
[ 119 1]
[ 52 1]
[ 47 1]
[ 0 1]
[ 190 1]
[ 146 1]
[ 11 1]
[ 166 1]
[ 199 1]
[ 82 1]
[ 170 1]
[ 169 1]
[ 99 1]
[ 144 1]
[ 135 1]
[ 122 1]
[ 111 1]
[ 60 1]
[ 78 1]
[ 59 1]
[ 32 1]
[ 64 1]
[ 65 1]
[ 41 1]
[ 35 1]
[ 142 1]
[ 20 1]
[ 131 1]
[ 132 1]
[ 165 1]
[ 8 1]
[ 143 1]
[ 160 1]
[ 31 1]
[ 28 1]
[ 158 1]
[ 157 1]
[ 29 1]
[ 154 1]
[ 183 1]
[ 197 1]
[ 76 1]
[ 90 1]
[ 194 1]
[ 73 1]
[ 189 1]
[ 95 1]
[ 188 1]
[ 104 1]
[ 184 1]
[ 57 1]
[ 56 1]
[ 74 1]
[ 2 1]
[ 114 1]
[ 147 1]
[ 12 1]
[ 50 1]
[ 40 1]
[ 5 1]
[ 63 1]
[ 185 1]
[ 167 1]
[ 45 1]
[ 128 1]
[ 17 1]
[ 24 1]
[ 4 1]
[ 80 1]
[ 178 1]
[ 155 1]
[ 151 1]
[ 115 1]
[ 149 1]
[ 34 1]
[ 96 1]
[ 36 1]
[ 42 1]
[ 127 1]
[ 89 1]
[ 51 1]
[ 67 1]
[ 46 1]
[ 181 1]
[ 98 1]
[ 54 1]
[ 107 1]
[ 18 1]
[ 7 1]
[ 79 1]
[ 153 1]
[ 150 1]
[ 152 1]
[ 91 1]
[ 3 1]
[ 1 1]
[ 103 1]
[ 61 1]
[ 10 1]
[ 27 1]
[ 148 1]
[ 179 1]
[ 94 1]
[ 171 1]
[ 126 1]
[ 19 1]
[ 172 1]
[ 156 1]
[ 26 1]
[ 86 1]
[ 66 1]
[ 55 1]
[ 193 1]
[ 123 1]
[ 21 1]
[ 145 1]
[ 37 1]
[ 137 1]
[ 71 1]
[ 134 1]
[ 129 1]
[ 176 1]
[ 161 1]
[ 53 1]
[ 62 1]
[ 88 1]
[ 174 1]
[ 195 1]
[ 139 1]
[ 93 1]
[ 191 1]
[ 48 1]
[ 92 1]
[ 168 1]
[ 159 1]
[ 16 1]
[ 84 1]
[ 23 1]
[ 186 1]
[ 58 1]
[ 38 1]
[ 113 1]
[ 177 1]
[ 110 1]
[ 33 1]
[ 81 1]
[ 68 1]
[ 146 1]
[ 72 1]
[ 102 1]
[ 100 1]
[ 166 1]
[ 85 1]
[ 0 1]
[ 196 1]
[ 119 1]
[ 52 1]
[ 11 1]
[ 47 1]
[ 44 1]
[ 190 1]
[ 39 1]
[ 122 1]
[ 6 1]
[ 135 1]
[ 140 1]
[ 111 1]
[ 32 1]
[ 99 1]
[ 35 1]
[ 141 1]
[ 60 1]
[ 78 1]
[ 101 1]
[ 41 1]
[ 169 1]
[ 65 1]
[ 59 1]
[ 125 1]
[ 157 1]
[ 132 1]
[ 104 1]
[ 106 1]
[ 173 1]
[ 197 1]
[ 194 1]
[ 189 1]
[ 188 1]
[ 184 1]
[ 28 1]
[ 31 1]
[ 182 1]
[ 95 1]
[ 165 1]
[ 158 1]
[ 70 1]
[ 73 1]
[ 143 1]
[ 142 1]
[ 83 1]
[ 90 1]
[ 97 1]
[ 147 1]
[ 128 1]
[ 185 1]
[ 120 1]
[ 2 1]
[ 5 1]
[ 114 1]
[ 13 1]
[ 63 1]
[ 57 1]
[ 56 1]
[ 50 1]
[ 40 1]
[ 74 1]
[ 45 1]
[ 155 1]
[ 198 1]
[ 51 1]
[ 46 1]
[ 43 1]
[ 42 1]
[ 175 1]
[ 36 1]
[ 178 1]
[ 34 1]
[ 25 1]
[ 24 1]
[ 4 1]
[ 151 1]
[ 115 1]
[ 127 1]
[ 149 1]
[ 108 1]
[ 67 1]
[ 96 1]
[ 80 1]
[ 89 1]
[ 153 1]
[ 18 1]
[ 130 1]
[ 107 1]
[ 181 1]
[ 98 1]
[ 79 1]
[ 77 1]
[ 69 1]
[ 54 1]
[ 150 1]
[ 117 1]
[ 1 1]
[ 103 1]
[ 27 1]
[ 148 1]
[ 61 1]
[ 3 1]
[ 10 1]
[ 14 1]
[ 163 1]
[ 126 1]
[ 94 1]
[ 179 1]
[ 171 1]
[ 19 1]
[ 193 1]
[ 26 1]
[ 55 1]
[ 86 1]
[ 156 1]
[ 145 1]
[ 37 1]
[ 49 1]
[ 53 1]
[ 71 1]
[ 88 1]
[ 161 1]
[ 134 1]
[ 176 1]
[ 168 1]
[ 138 1]
[ 139 1]
[ 191 1]
[ 92 1]
[ 113 1]
[ 16 1]
[ 186 1]
[ 177 1]
[ 23 1]
[ 174 1]
[ 159 1]
[ 38 1]
[ 93 1]
[ 162 1]
[ 68 1]
[ 119 1]
[ 72 1]
[ 109 1]
[ 81 1]
[ 102 1]
[ 100 1]
[ 52 1]
[ 146 1]
[ 47 1]
[ 44 1]
[ 166 1]
[ 11 1]
[ 190 1]
[ 196 1]
[ 0 1]
[ 199 1]
[ 99 1]
[ 111 1]
[ 116 1]
[ 133 1]
[ 135 1]
[ 141 1]
[ 144 1]
[ 169 1]
[ 170 1]
[ 35 1]
[ 65 1]
[ 32 1]
[ 64 1]
[ 60 1]
[ 59 1]
[ 82 1]
[ 6 1]
[ 30 1]
[ 132 1]
[ 142 1]
[ 143 1]
[ 173 1]
[ 28 1]
[ 29 1]
[ 20 1]
[ 154 1]
[ 157 1]
[ 158 1]
[ 160 1]
[ 165 1]
[ 183 1]
[ 73 1]
[ 70 1]
[ 188 1]
[ 83 1]
[ 184 1]
[ 104 1]
[ 90 1]
[ 121 1]
[ 124 1]
[ 125 1]
[ 197 1]
[ 147 1]
[ 5 1]
[ 40 1]
[ 45 1]
[ 192 1]
[ 167 1]
[ 128 1]
[ 50 1]
[ 56 1]
[ 57 1]
[ 120 1]
[ 17 1]
[ 25 1]
[ 24 1]
[ 96 1]
[ 4 1]
[ 178 1]
[ 108 1]
[ 149 1]
[ 136 1]
[ 67 1]
[ 42 1]
[ 181 1]
[ 98 1]
[ 79 1]
[ 77 1]
[ 69 1]
[ 180 1]
[ 54 1]
[ 150 1]
[ 152 1]
[ 153 1]
[ 61 1]
[ 117 1]
[ 10 1]
[ 148 1]
[ 9 1]
[ 91 1]
[ 3 1]
[ 179 1]
[ 126 1]
[ 94 1]
[ 66 1]
[ 156 1]
[ 145 1]
[ 49 1]
[ 161 1]
[ 134 1]
[ 129 1]
[ 53 1]
[ 92 1]
[ 110 1]
[ 113 1]
[ 33 1]
[ 159 1]
[ 168 1]
[ 177 1]
[ 186 1]
[ 191 1]
[ 196 1]
[ 81 1]
[ 44 1]
[ 68 1]
[ 39 1]
[ 144 1]
[ 59 1]
[ 135 1]
[ 32 1]
[ 121 1]
[ 158 1]
[ 154 1]
[ 173 1]
[ 70 1]
[ 182 1]
[ 8 1]
[ 2 1]
[ 22 1]
[ 192 1]
[ 50 1]
[ 114 1]
[ 74 1]
[ 97 1]
[ 46 1]
[ 25 1]
[ 24 1]
[ 18 1]
[ 77 1]
[ 87 1]
[ 14 1]
[ 163 1]
[ 172 1]
[ 112 1]
[ 193 1]
[ 66 1]
[ 21 1]
[ 137 1]
[ 53 1]
[ 134 1]
[ 129 1]
[ 88 1]
[ 138 1]
[ 162 1]
[ 93 1]
[ 92 1]
[ 174 1]
[ 58 1]
[ 33 1]
[ 195 1]
[ 85 1]
[ 166 1]
[ 109 1]
[ 135 1]
[ 140 1]
[ 78 1]
[ 60 1]
[ 157 1]
[ 182 1]
[ 183 1]
[ 8 1]
[ 106 1]
[ 95 1]
[ 70 1]
[ 97 1]
[ 151 1]
[ 43 1]
[ 17 1]
[ 87 1]
[ 69 1]
[ 117 1]
[ 61 1]
[ 94 1]
[ 179 1]
[ 118 14]
[ 15 1]
[ 156 1]
[ 86 1]
[ 66 1]
[ 26 1]
[ 145 1]
[ 21 1]
[ 49 1]
[ 62 1]
[ 84 1]
[ 162 1]
[ 48 1]
[ 93 1]
[ 23 1]
[ 16 1]
[ 196 1]
[ 68 1]
[ 102 1]
[ 109 1]
[ 81 1]
[ 141 1]
[ 140 1]
[ 116 1]
[ 64 1]
[ 6 1]
[ 73 1]
[ 90 1]
[ 30 1]
[ 121 1]
[ 124 1]
[ 131 1]
[ 128 1]
[ 114 1]
[ 12 1]
[ 2 1]
[ 5 1]
[ 136 1]
[ 198 1]
[ 108 1]
[ 80 1]
[ 67 1]
[ 107 1]
[ 87 1]
[ 152 1]
[ 79 1]
[ 164 1]
[ 54 1]
[ 9 1]
[ 126 1]
[ 26 1]
[ 86 1]
[ 71 1]
[ 84 1]
[ 110 1]
[ 168 1]
[ 190 1]
[ 199 1]
[ 20 1]
[ 106 1]
[ 13 1]
[ 97 1]
[ 128 1]
[ 185 1]
[ 105 6]
[ 112 1]
[ 21 1]
[ 145 1]
[ 161 1]
[ 134 1]
[ 195 1]
[ 191 1]
[ 162 1]
[ 138 1]
[ 92 1]
[ 81 1]
[ 47 1]
[ 100 1]
[ 102 1]
[ 11 1]
[ 122 1]
[ 169 1]
[ 35 1]
[ 64 1]
[ 133 1]
[ 116 1]
[ 78 1]
[ 99 1]
[ 124 1]
[ 182 1]
[ 142 1]
[ 158 1]
[ 95 1]
[ 67 1]
[ 36 1]
[ 4 1]
[ 69 1]
[ 153 1]
[ 91 1]
[ 27 1]
[ 103 1]
[ 171 1]
[ 126 1]
[ 94 1]
[ 187 5]
[ 15 3]
[ 86 1]
[ 26 1]
[ 156 1]
[ 55 1]
[ 66 1]
[ 193 1]
[ 137 1]
[ 145 1]
[ 21 1]
[ 123 1]
[ 37 1]
[ 49 1]
[ 134 1]
[ 62 1]
[ 53 1]
[ 161 1]
[ 71 1]
[ 129 1]
[ 176 1]
[ 88 1]
[ 33 1]
[ 138 1]
[ 38 1]
[ 84 1]
[ 48 1]
[ 113 1]
[ 110 1]
[ 58 1]
[ 93 1]
[ 139 1]
[ 195 1]
[ 174 1]
[ 191 1]
[ 23 1]
[ 159 1]
[ 162 1]
[ 16 1]
[ 168 1]
[ 186 1]
[ 177 1]
[ 102 1]
[ 52 1]
[ 11 1]
[ 109 1]
[ 190 1]
[ 0 1]
[ 100 1]
[ 196 1]
[ 75 1]
[ 47 1]
[ 68 1]
[ 166 1]
[ 44 1]
[ 119 1]
[ 85 1]
[ 146 1]
[ 81 1]
[ 72 1]
[ 199 1]
[ 82 1]
[ 78 1]
[ 99 1]
[ 101 1]
[ 111 1]
[ 116 1]
[ 122 1]
[ 133 1]
[ 135 1]
[ 140 1]
[ 141 1]
[ 144 1]
[ 169 1]
[ 170 1]
[ 39 1]
[ 64 1]
[ 35 1]
[ 41 1]
[ 6 1]
[ 59 1]
[ 60 1]
[ 32 1]
[ 65 1]
[ 8 1]
[ 20 1]
[ 125 1]
[ 124 1]
[ 157 1]
[ 121 1]
[ 158 1]
[ 160 1]
[ 131 1]
[ 132 1]
[ 154 1]
[ 31 1]
[ 30 1]
[ 29 1]
[ 142 1]
[ 143 1]
[ 28 1]
[ 184 1]
[ 182 1]
[ 183 1]
[ 189 1]
[ 95 1]
[ 173 1]
[ 194 1]
[ 90 1]
[ 165 1]
[ 197 1]
[ 70 1]
[ 106 1]
[ 83 1]
[ 73 1]
[ 188 1]
[ 76 1]
[ 185 1]
[ 74 1]
[ 13 1]
[ 2 1]
[ 167 1]
[ 147 1]
[ 5 1]
[ 50 1]
[ 114 1]
[ 22 1]
[ 45 1]
[ 56 1]
[ 120 1]
[ 57 1]
[ 12 1]
[ 63 1]
[ 192 1]
[ 128 1]
[ 40 1]
[ 151 1]
[ 24 1]
[ 155 1]
[ 17 1]
[ 175 1]
[ 42 1]
[ 67 1]
[ 4 1]
[ 96 1]
[ 51 1]
[ 115 1]
[ 46 1]
[ 80 1]
[ 43 1]
[ 127 1]
[ 36 1]
[ 136 1]
[ 198 1]
[ 149 1]
[ 34 1]
[ 25 1]
[ 77 1]
[ 7 1]
[ 180 1]
[ 181 1]
[ 98 1]
[ 54 1]
[ 130 1]
[ 107 1]
[ 150 1]
[ 152 1]
[ 153 1]
[ 87 1]
[ 164 1]
[ 69 1]
[ 79 1]
[ 18 1]
[ 91 1]
[ 1 1]
[ 61 1]
[ 3 1]
[ 103 1]
[ 117 1]
[ 27 1]
[ 148 1]
[ 9 1]
[ 10 1]
[ 14 1]
[ 126 1]
[ 179 1]
[ 94 1]
[ 163 1]
[ 171 1]
[ 19 1]
[ 172 1]
[ 112 1]
[ 66 1]
[ 55 1]
[ 26 1]
[ 156 1]
[ 137 1]
[ 49 1]
[ 37 1]
[ 21 1]
[ 123 1]
[ 145 1]
[ 176 1]
[ 161 1]
[ 129 1]
[ 134 1]
[ 62 1]
[ 71 1]
[ 88 1]
[ 58 1]
[ 138 1]
[ 139 1]
[ 48 1]
[ 93 1]
[ 113 1]
[ 110 1]
[ 84 1]
[ 195 1]
[ 16 1]
[ 174 1]
[ 38 1]
[ 191 1]
[ 33 1]
[ 159 1]
[ 177 1]
[ 186 1]
[ 168 1]
[ 23 1]
[ 190 1]
[ 68 1]
[ 11 1]
[ 100 1]
[ 72 1]
[ 75 1]
[ 109 1]
[ 81 1]
[ 119 1]
[ 196 1]
[ 52 1]
[ 166 1]
[ 85 1]
[ 47 1]
[ 0 1]
[ 44 1]
[ 116 1]
[ 199 1]
[ 101 1]
[ 140 1]
[ 170 1]
[ 122 1]
[ 133 1]
[ 144 1]
[ 141 1]
[ 41 1]
[ 39 1]
[ 6 1]
[ 32 1]
[ 78 1]
[ 59 1]
[ 65 1]
[ 182 1]
[ 157 1]
[ 158 1]
[ 125 1]
[ 124 1]
[ 165 1]
[ 184 1]
[ 106 1]
[ 90 1]
[ 95 1]
[ 83 1]
[ 189 1]
[ 104 1]
[ 70 1]
[ 8 1]
[ 76 1]
[ 167 1]
[ 22 1]
[ 13 1]
[ 5 1]
[ 147 1]
[ 12 1]
[ 40 1]
[ 2 1]
[ 45 1]
[ 97 1]
[ 50 1]
[ 74 1]
[ 114 1]
[ 57 1]
[ 128 1]
[ 56 1]
[ 43 1]
[ 198 1]
[ 4 1]
[ 96 1]
[ 24 1]
[ 25 1]
[ 127 1]
[ 51 1]
[ 34 1]
[ 155 1]
[ 42 1]
[ 136 1]
[ 149 1]
[ 46 1]
[ 36 1]
[ 7 1]
[ 79 1]
[ 107 1]
[ 69 1]
[ 150 1]
[ 181 1]
[ 180 1]
[ 18 1]
[ 164 1]
[ 27 1]
[ 91 1]
[ 117 1]
[ 61 1]
[ 179 1]
[ 171 1]
[ 19 1]
[ 156 1]
[ 66 1]
[ 86 1]
[ 55 1]
[ 193 1]
[ 21 1]
[ 176 1]
[ 134 1]
[ 161 1]
[ 38 1]
[ 33 1]
[ 93 1]
[ 139 1]
[ 138 1]
[ 191 1]
[ 113 1]
[ 159 1]
[ 146 1]
[ 102 1]
[ 166 1]
[ 190 1]
[ 109 1]
[ 85 1]
[ 11 1]
[ 68 1]
[ 75 1]
[ 72 1]
[ 0 1]
[ 170 1]
[ 133 1]
[ 78 1]
[ 101 1]
[ 60 1]
[ 41 1]
[ 39 1]
[ 32 1]
[ 76 1]
[ 197 1]
[ 124 1]
[ 121 1]
[ 8 1]
[ 154 1]
[ 158 1]
[ 20 1]
[ 165 1]
[ 188 1]
[ 104 1]
[ 184 1]
[ 90 1]
[ 143 1]
[ 142 1]
[ 173 1]
[ 74 1]
[ 167 1]
[ 63 1]
[ 56 1]
[ 185 1]
[ 13 1]
[ 12 1]
[ 2 1]
[ 198 1]
[ 178 1]
[ 51 1]
[ 4 1]
[ 24 1]
[ 34 1]
[ 42 1]
[ 151 1]
[ 89 1]
[ 108 1]
[ 127 1]
[ 77 1]
[ 69 1]
[ 54 1]
[ 107 1]
[ 18 1]
[ 7 1]
[ 91 1]
[ 27 1]
[ 14 1]
[ 19 1]
[ 112 2]
[ 15 1]
[ 86 1]
[ 55 1]
[ 66 1]
[ 26 1]
[ 156 1]
[ 193 1]
[ 37 1]
[ 21 1]
[ 137 1]
[ 145 1]
[ 49 1]
[ 123 1]
[ 129 1]
[ 88 1]
[ 134 1]
[ 161 1]
[ 53 1]
[ 62 1]
[ 176 1]
[ 71 1]
[ 162 1]
[ 177 1]
[ 174 1]
[ 33 1]
[ 139 1]
[ 168 1]
[ 38 1]
[ 138 1]
[ 113 1]
[ 16 1]
[ 159 1]
[ 58 1]
[ 92 1]
[ 195 1]
[ 186 1]
[ 23 1]
[ 191 1]
[ 166 1]
[ 81 1]
[ 68 1]
[ 72 1]
[ 146 1]
[ 85 1]
[ 100 1]
[ 102 1]
[ 196 1]
[ 11 1]
[ 190 1]
[ 52 1]
[ 44 1]
[ 119 1]
[ 35 1]
[ 99 1]
[ 6 1]
[ 144 1]
[ 111 1]
[ 133 1]
[ 101 1]
[ 199 1]
[ 122 1]
[ 60 1]
[ 32 1]
[ 78 1]
[ 141 1]
[ 39 1]
[ 140 1]
[ 170 1]
[ 116 1]
[ 169 1]
[ 65 1]
[ 64 1]
[ 59 1]
[ 132 1]
[ 131 1]
[ 106 1]
[ 125 1]
[ 124 1]
[ 121 1]
[ 182 1]
[ 8 1]
[ 189 1]
[ 20 1]
[ 188 1]
[ 28 1]
[ 29 1]
[ 30 1]
[ 31 1]
[ 184 1]
[ 183 1]
[ 173 1]
[ 165 1]
[ 73 1]
[ 76 1]
[ 160 1]
[ 158 1]
[ 157 1]
[ 90 1]
[ 154 1]
[ 95 1]
[ 2 1]
[ 147 1]
[ 192 1]
[ 185 1]
[ 128 1]
[ 12 1]
[ 13 1]
[ 22 1]
[ 45 1]
[ 50 1]
[ 56 1]
[ 57 1]
[ 63 1]
[ 74 1]
[ 120 1]
[ 114 1]
[ 67 1]
[ 36 1]
[ 42 1]
[ 43 1]
[ 178 1]
[ 46 1]
[ 175 1]
[ 25 1]
[ 24 1]
[ 115 1]
[ 17 1]
[ 108 1]
[ 136 1]
[ 96 1]
[ 151 1]
[ 80 1]
[ 155 1]
[ 127 1]
[ 89 1]
[ 54 1]
[ 152 1]
[ 153 1]
[ 69 1]
[ 18 1]
[ 87 1]
[ 79 1]
[ 107 1]
[ 164 1]
[ 9 1]
[ 27 1]
[ 103 1]
[ 3 1]
[ 117 1]
[ 61 1]
[ 91 1]
[ 148 1]
[ 14 1]
[ 179 1]
[ 126 1]
[ 171 1]
[ 163 1]
[ 94 1]
[ 19 1]
[ 172 1]
[ 66 1]
[ 55 1]
[ 26 1]
[ 86 1]
[ 193 1]
[ 137 1]
[ 37 1]
[ 49 1]
[ 123 1]
[ 53 1]
[ 88 1]
[ 129 1]
[ 71 1]
[ 62 1]
[ 48 1]
[ 38 1]
[ 84 1]
[ 195 1]
[ 110 1]
[ 58 1]
[ 113 1]
[ 139 1]
[ 33 1]
[ 138 1]
[ 186 1]
[ 177 1]
[ 93 1]
[ 159 1]
[ 174 1]
[ 191 1]
[ 23 1]
[ 168 1]
[ 75 1]
[ 85 1]
[ 72 1]
[ 109 1]
[ 100 1]
[ 68 1]
[ 102 1]
[ 81 1]
[ 52 1]
[ 0 1]
[ 196 1]
[ 190 1]
[ 11 1]
[ 166 1]
[ 146 1]
[ 44 1]
[ 119 1]
[ 47 1]
[ 101 1]
[ 141 1]
[ 144 1]
[ 140 1]
[ 133 1]
[ 169 1]
[ 170 1]
[ 116 1]
[ 82 1]
[ 199 1]
[ 78 1]
[ 32 1]
[ 35 1]
[ 60 1]
[ 64 1]
[ 65 1]
[ 28 1]
[ 124 1]
[ 125 1]
[ 132 1]
[ 83 1]
[ 31 1]
[ 143 1]
[ 30 1]
[ 29 1]
[ 154 1]
[ 73 1]
[ 160 1]
[ 165 1]
[ 20 1]
[ 173 1]
[ 183 1]
[ 188 1]
[ 189 1]
[ 194 1]
[ 197 1]
[ 70 1]
[ 90 1]
[ 95 1]
[ 76 1]
[ 104 1]
[ 106 1]
[ 192 1]
[ 5 1]
[ 97 1]
[ 167 1]
[ 2 1]
[ 147 1]
[ 74 1]
[ 185 1]
[ 13 1]
[ 50 1]
[ 12 1]
[ 120 1]
[ 128 1]
[ 56 1]
[ 45 1]
[ 36 1]
[ 51 1]
[ 96 1]
[ 46 1]
[ 4 1]
[ 17 1]
[ 175 1]
[ 67 1]
[ 155 1]
[ 178 1]
[ 89 1]
[ 127 1]
[ 43 1]
[ 198 1]
[ 108 1]
[ 34 1]
[ 42 1]
[ 7 1]
[ 180 1]
[ 153 1]
[ 18 1]
[ 98 1]
[ 164 1]
[ 69 1]
[ 87 1]
[ 152 1]
[ 107 1]
[ 77 1]
[ 130 1]
[ 54 1]
[ 1 1]
[ 10 1]
[ 27 1]
[ 148 1]
[ 61 1]
[ 117 1]
[ 14 1]
[ 94 1]
[ 171 1]
[ 163 1]
[ 19 1]
[ 172 1]
[ 112 1]
[ 26 1]
[ 193 1]
[ 156 1]
[ 55 1]
[ 137 1]
[ 21 1]
[ 145 1]
[ 123 1]
[ 37 1]
[ 161 1]
[ 53 1]
[ 129 1]
[ 176 1]
[ 62 1]
[ 88 1]
[ 58 1]
[ 84 1]
[ 48 1]
[ 174 1]
[ 177 1]
[ 138 1]
[ 33 1]
[ 186 1]
[ 23 1]
[ 166 1]
[ 52 1]
[ 72 1]
[ 68 1]
[ 44 1]
[ 190 1]
[ 144 1]
[ 116 1]
[ 64 1]
[ 111 1]
[ 141 1]
[ 101 1]
[ 82 1]
[ 170 1]
[ 59 1]
[ 39 1]
[ 35 1]
[ 6 1]
[ 154 1]
[ 157 1]
[ 106 1]
[ 142 1]
[ 173 1]
[ 90 1]
[ 29 1]
[ 30 1]
[ 31 1]
[ 70 1]
[ 73 1]
[ 131 1]
[ 104 1]
[ 124 1]
[ 5 1]
[ 97 1]
[ 147 1]
[ 167 1]
[ 40 1]
[ 155 1]
[ 108 1]
[ 46 1]
[ 42 1]
[ 36 1]
[ 178 1]
[ 115 1]
[ 150 1]
[ 130 1]
[ 148 1]
[ 187 5]
[ 71 1]
[ 186 1]
[ 44 1]
[ 85 1]
[ 31 1]
[ 131 1]
[ 160 1]
[ 74 1]
[ 67 1]
[ 107 1]
[ 152 1]
[ 180 1]
[ 27 1]
[ 105 2]
[ 112 2]
[ 15 1]
[ 193 1]
[ 55 1]
[ 66 1]
[ 86 1]
[ 26 1]
[ 156 1]
[ 145 1]
[ 49 1]
[ 123 1]
[ 37 1]
[ 21 1]
[ 161 1]
[ 62 1]
[ 176 1]
[ 129 1]
[ 134 1]
[ 195 1]
[ 191 1]
[ 58 1]
[ 113 1]
[ 186 1]
[ 177 1]
[ 16 1]
[ 174 1]
[ 138 1]
[ 139 1]
[ 38 1]
[ 84 1]
[ 93 1]
[ 162 1]
[ 159 1]
[ 109 1]
[ 68 1]
[ 100 1]
[ 81 1]
[ 75 1]
[ 119 1]
[ 52 1]
[ 47 1]
[ 44 1]
[ 166 1]
[ 146 1]
[ 140 1]
[ 199 1]
[ 82 1]
[ 169 1]
[ 144 1]
[ 99 1]
[ 141 1]
[ 116 1]
[ 135 1]
[ 133 1]
[ 111 1]
[ 122 1]
[ 78 1]
[ 6 1]
[ 65 1]
[ 32 1]
[ 41 1]
[ 60 1]
[ 39 1]
[ 106 1]
[ 142 1]
[ 188 1]
[ 31 1]
[ 184 1]
[ 20 1]
[ 121 1]
[ 132 1]
[ 183 1]
[ 158 1]
[ 194 1]
[ 83 1]
[ 76 1]
[ 197 1]
[ 90 1]
[ 160 1]
[ 182 1]
[ 95 1]
[ 173 1]
[ 28 1]
[ 30 1]
[ 70 1]
[ 189 1]
[ 104 1]
[ 40 1]
[ 114 1]
[ 22 1]
[ 45 1]
[ 128 1]
[ 167 1]
[ 50 1]
[ 120 1]
[ 56 1]
[ 57 1]
[ 12 1]
[ 63 1]
[ 13 1]
[ 192 1]
[ 97 1]
[ 74 1]
[ 2 1]
[ 25 1]
[ 17 1]
[ 24 1]
[ 178 1]
[ 175 1]
[ 155 1]
[ 151 1]
[ 149 1]
[ 42 1]
[ 43 1]
[ 127 1]
[ 46 1]
[ 108 1]
[ 67 1]
[ 96 1]
[ 180 1]
[ 181 1]
[ 79 1]
[ 18 1]
[ 87 1]
[ 150 1]
[ 98 1]
[ 69 1]
[ 54 1]
[ 107 1]
[ 61 1]
[ 1 1]
[ 91 1]
[ 3 1]
[ 103 1]
[ 9 1]
[ 27 1]
[ 148 1]
[ 14 1]
[ 171 1]
[ 126 1]
[ 94 1]
[ 179 1]
[ 19 1]
[ 156 1]
[ 26 1]
[ 193 1]
[ 66 1]
[ 137 1]
[ 37 1]
[ 53 1]
[ 62 1]
[ 134 1]
[ 71 1]
[ 92 1]
[ 93 1]
[ 33 1]
[ 48 1]
[ 110 1]
[ 113 1]
[ 138 1]
[ 139 1]
[ 23 1]
[ 162 1]
[ 168 1]
[ 177 1]
[ 186 1]
[ 195 1]
[ 109 1]
[ 0 1]
[ 146 1]
[ 100 1]
[ 75 1]
[ 196 1]
[ 52 1]
[ 11 1]
[ 44 1]
[ 111 1]
[ 135 1]
[ 140 1]
[ 144 1]
[ 122 1]
[ 35 1]
[ 41 1]
[ 169 1]
[ 101 1]
[ 64 1]
[ 59 1]
[ 99 1]
[ 170 1]
[ 70 1]
[ 165 1]
[ 182 1]
[ 158 1]
[ 157 1]
[ 154 1]
[ 189 1]
[ 142 1]
[ 194 1]
[ 28 1]
[ 29 1]
[ 30 1]
[ 132 1]
[ 131 1]
[ 76 1]
[ 31 1]
[ 121 1]
[ 95 1]
[ 185 1]
[ 50 1]
[ 13 1]
[ 40 1]
[ 120 1]
[ 128 1]
[ 96 1]
[ 175 1]
[ 43 1]
[ 80 1]
[ 4 1]
[ 34 1]
[ 17 1]
[ 155 1]
[ 24 1]
[ 127 1]
[ 180 1]
[ 181 1]
[ 7 1]
[ 130 1]
[ 9 1]
[ 3 1]
[ 1 1]
[ 14 1]
[ 112 2]
[ 15 1]
[ 26 1]
[ 156 1]
[ 86 1]
[ 66 1]
[ 193 1]
[ 55 1]
[ 21 1]
[ 37 1]
[ 137 1]
[ 123 1]
[ 49 1]
[ 145 1]
[ 161 1]
[ 88 1]
[ 53 1]
[ 134 1]
[ 129 1]
[ 71 1]
[ 62 1]
[ 176 1]
[ 23 1]
[ 195 1]
[ 48 1]
[ 93 1]
[ 92 1]
[ 113 1]
[ 191 1]
[ 186 1]
[ 58 1]
[ 177 1]
[ 38 1]
[ 138 1]
[ 139 1]
[ 33 1]
[ 16 1]
[ 110 1]
[ 168 1]
[ 162 1]
[ 159 1]
[ 102 1]
[ 109 1]
[ 72 1]
[ 68 1]
[ 100 1]
[ 52 1]
[ 119 1]
[ 47 1]
[ 44 1]
[ 75 1]
[ 85 1]
[ 146 1]
[ 166 1]
[ 81 1]
[ 11 1]
[ 190 1]
[ 196 1]
[ 0 1]
[ 82 1]
[ 133 1]
[ 99 1]
[ 101 1]
[ 111 1]
[ 116 1]
[ 122 1]
[ 199 1]
[ 135 1]
[ 140 1]
[ 144 1]
[ 169 1]
[ 170 1]
[ 78 1]
[ 64 1]
[ 32 1]
[ 41 1]
[ 65 1]
[ 60 1]
[ 6 1]
[ 39 1]
[ 35 1]
[ 184 1]
[ 8 1]
[ 183 1]
[ 29 1]
[ 182 1]
[ 165 1]
[ 121 1]
[ 160 1]
[ 124 1]
[ 125 1]
[ 173 1]
[ 20 1]
[ 131 1]
[ 132 1]
[ 194 1]
[ 83 1]
[ 157 1]
[ 197 1]
[ 76 1]
[ 30 1]
[ 90 1]
[ 158 1]
[ 31 1]
[ 73 1]
[ 95 1]
[ 143 1]
[ 142 1]
[ 70 1]
[ 189 1]
[ 188 1]
[ 104 1]
[ 106 1]
[ 57 1]
[ 40 1]
[ 22 1]
[ 147 1]
[ 45 1]
[ 50 1]
[ 12 1]
[ 56 1]
[ 63 1]
[ 192 1]
[ 5 1]
[ 74 1]
[ 2 1]
[ 25 1]
[ 178 1]
[ 24 1]
[ 17 1]
[ 175 1]
[ 80 1]
[ 4 1]
[ 198 1]
[ 42 1]
[ 108 1]
[ 67 1]
[ 115 1]
[ 43 1]
[ 127 1]
[ 96 1]
[ 89 1]
[ 136 1]
[ 155 1]
[ 36 1]
[ 151 1]
[ 34 1]
[ 150 1]
[ 153 1]
[ 181 1]
[ 180 1]
[ 7 1]
[ 69 1]
[ 54 1]
[ 164 1]
[ 77 1]
[ 98 1]
[ 107 1]
[ 130 1]
[ 87 1]
[ 91 1]
[ 103 1]
[ 1 1]
[ 9 1]
[ 61 1]
[ 117 1]
[ 10 1]
[ 148 1]
[ 27 1]
[ 14 1]
[ 171 1]
[ 94 1]
[ 163 1]
[ 19 1]
[ 172 1]
[ 193 1]
[ 49 1]
[ 137 1]
[ 37 1]
[ 21 1]
[ 145 1]
[ 123 1]
[ 129 1]
[ 62 1]
[ 88 1]
[ 53 1]
[ 33 1]
[ 58 1]
[ 48 1]
[ 159 1]
[ 162 1]
[ 138 1]
[ 38 1]
[ 93 1]
[ 186 1]
[ 16 1]
[ 195 1]
[ 110 1]
[ 81 1]
[ 52 1]
[ 100 1]
[ 102 1]
[ 44 1]
[ 196 1]
[ 11 1]
[ 133 1]
[ 6 1]
[ 116 1]
[ 199 1]
[ 111 1]
[ 101 1]
[ 135 1]
[ 170 1]
[ 169 1]
[ 35 1]
[ 144 1]
[ 59 1]
[ 64 1]
[ 140 1]
[ 65 1]
[ 141 1]
[ 143 1]
[ 121 1]
[ 194 1]
[ 131 1]
[ 184 1]
[ 183 1]
[ 132 1]
[ 182 1]
[ 104 1]
[ 165 1]
[ 28 1]
[ 106 1]
[ 30 1]
[ 90 1]
[ 76 1]
[ 73 1]
[ 70 1]
[ 20 1]
[ 13 1]
[ 45 1]
[ 12 1]
[ 167 1]
[ 50 1]
[ 57 1]
[ 185 1]
[ 97 1]
[ 34 1]
[ 42 1]
[ 178 1]
[ 25 1]
[ 43 1]
[ 151 1]
[ 17 1]
[ 46 1]
[ 115 1]
[ 149 1]
[ 51 1]
[ 80 1]
[ 136 1]
[ 89 1]
[ 4 1]
[ 108 1]
[ 7 1]
[ 180 1]
[ 164 1]
[ 153 1]
[ 152 1]
[ 9 1]
[ 14 1]
[ 171 1]
[ 163 1]
[ 172 1]
[ 137 1]
[ 101 1]
[ 187 17]
[ 15 2]
[ 86 1]
[ 26 1]
[ 145 1]
[ 37 1]
[ 88 1]
[ 176 1]
[ 71 1]
[ 62 1]
[ 92 1]
[ 139 1]
[ 177 1]
[ 58 1]
[ 186 1]
[ 110 1]
[ 113 1]
[ 48 1]
[ 16 1]
[ 159 1]
[ 33 1]
[ 191 1]
[ 119 1]
[ 11 1]
[ 102 1]
[ 146 1]
[ 72 1]
[ 75 1]
[ 190 1]
[ 85 1]
[ 166 1]
[ 59 1]
[ 101 1]
[ 99 1]
[ 122 1]
[ 135 1]
[ 32 1]
[ 169 1]
[ 41 1]
[ 78 1]
[ 116 1]
[ 170 1]
[ 65 1]
[ 39 1]
[ 60 1]
[ 143 1]
[ 121 1]
[ 142 1]
[ 83 1]
[ 160 1]
[ 173 1]
[ 182 1]
[ 183 1]
[ 95 1]
[ 184 1]
[ 73 1]
[ 189 1]
[ 30 1]
[ 20 1]
[ 197 1]
[ 2 1]
[ 185 1]
[ 192 1]
[ 167 1]
[ 57 1]
[ 147 1]
[ 120 1]
[ 5 1]
[ 56 1]
[ 45 1]
[ 115 1]
[ 67 1]
[ 80 1]
[ 96 1]
[ 42 1]
[ 175 1]
[ 36 1]
[ 136 1]
[ 198 1]
[ 54 1]
[ 98 1]
[ 164 1]
[ 181 1]
[ 152 1]
[ 103 1]
[ 117 1]
[ 179 1]
[ 172 1]
[ 112 1]
[ 86 1]
[ 156 1]
[ 26 1]
[ 55 1]
[ 145 1]
[ 49 1]
[ 21 1]
[ 161 1]
[ 176 1]
[ 110 1]
[ 93 1]
[ 92 1]
[ 159 1]
[ 162 1]
[ 23 1]
[ 168 1]
[ 174 1]
[ 16 1]
[ 177 1]
[ 191 1]
[ 195 1]
[ 109 1]
[ 166 1]
[ 119 1]
[ 102 1]
[ 100 1]
[ 196 1]
[ 81 1]
[ 72 1]
[ 68 1]
[ 47 1]
[ 11 1]
[ 6 1]
[ 39 1]
[ 64 1]
[ 60 1]
[ 122 1]
[ 141 1]
[ 158 1]
[ 83 1]
[ 31 1]
[ 165 1]
[ 28 1]
[ 173 1]
[ 182 1]
[ 189 1]
[ 8 1]
[ 194 1]
[ 154 1]
[ 95 1]
[ 131 1]
[ 132 1]
[ 143 1]
[ 50 1]
[ 5 1]
[ 74 1]
[ 40 1]
[ 185 1]
[ 147 1]
[ 12 1]
[ 22 1]
[ 167 1]
[ 4 1]
[ 108 1]
[ 34 1]
[ 89 1]
[ 152 1]
[ 150 1]
[ 164 1]
[ 9 1]
[ 179 1]
[ 19 1]
[ 172 1]
[ 105 13]
[ 15 2]
[ 21 1]
[ 137 1]
[ 161 1]
[ 134 1]
[ 58 1]
[ 113 1]
[ 44 1]
[ 146 1]
[ 199 1]
[ 170 1]
[ 133 1]
[ 111 1]
[ 39 1]
[ 35 1]
[ 132 1]
[ 121 1]
[ 83 1]
[ 160 1]
[ 73 1]
[ 189 1]
[ 197 1]
[ 29 1]
[ 80 1]
[ 130 1]
[ 164 1]
[ 163 1]
[ 66 1]
[ 55 1]
[ 86 1]
[ 26 1]
[ 49 1]
[ 37 1]
[ 123 1]
[ 137 1]
[ 129 1]
[ 71 1]
[ 134 1]
[ 176 1]
[ 92 1]
[ 191 1]
[ 58 1]
[ 186 1]
[ 177 1]
[ 48 1]
[ 23 1]
[ 174 1]
[ 113 1]
[ 168 1]
[ 162 1]
[ 33 1]
[ 159 1]
[ 139 1]
[ 119 1]
[ 75 1]
[ 0 1]
[ 190 1]
[ 68 1]
[ 11 1]
[ 52 1]
[ 47 1]
[ 32 1]
[ 111 1]
[ 41 1]
[ 116 1]
[ 99 1]
[ 35 1]
[ 78 1]
[ 135 1]
[ 141 1]
[ 60 1]
[ 106 1]
[ 143 1]
[ 125 1]
[ 30 1]
[ 158 1]
[ 160 1]
[ 29 1]
[ 20 1]
[ 8 1]
[ 104 1]
[ 183 1]
[ 184 1]
[ 90 1]
[ 83 1]
[ 189 1]
[ 76 1]
[ 73 1]
[ 194 1]
[ 63 1]
[ 167 1]
[ 13 1]
[ 5 1]
[ 2 1]
[ 120 1]
[ 40 1]
[ 57 1]
[ 114 1]
[ 45 1]
[ 198 1]
[ 155 1]
[ 17 1]
[ 46 1]
[ 42 1]
[ 178 1]
[ 7 1]
[ 69 1]
[ 77 1]
[ 180 1]
[ 107 1]
[ 103 1]
[ 10 1]
[ 3 1]
[ 1 1]
[ 117 1]
[ 148 1]
[ 126 1]
[ 172 1]
[ 112 1]
[ 15 1]
[ 26 1]
[ 66 1]
[ 86 1]
[ 55 1]
[ 156 1]
[ 137 1]
[ 49 1]
[ 123 1]
[ 37 1]
[ 21 1]
[ 145 1]
[ 129 1]
[ 88 1]
[ 161 1]
[ 53 1]
[ 176 1]
[ 62 1]
[ 33 1]
[ 110 1]
[ 48 1]
[ 92 1]
[ 23 1]
[ 138 1]
[ 139 1]
[ 195 1]
[ 16 1]
[ 159 1]
[ 174 1]
[ 84 1]
[ 168 1]
[ 75 1]
[ 196 1]
[ 100 1]
[ 68 1]
[ 166 1]
[ 102 1]
[ 44 1]
[ 11 1]
[ 109 1]
[ 85 1]
[ 72 1]
[ 122 1]
[ 99 1]
[ 101 1]
[ 111 1]
[ 199 1]
[ 133 1]
[ 135 1]
[ 141 1]
[ 169 1]
[ 39 1]
[ 78 1]
[ 35 1]
[ 6 1]
[ 32 1]
[ 59 1]
[ 124 1]
[ 182 1]
[ 121 1]
[ 31 1]
[ 30 1]
[ 160 1]
[ 125 1]
[ 142 1]
[ 29 1]
[ 131 1]
[ 8 1]
[ 20 1]
[ 183 1]
[ 83 1]
[ 76 1]
[ 70 1]
[ 194 1]
[ 95 1]
[ 184 1]
[ 5 1]
[ 192 1]
[ 97 1]
[ 120 1]
[ 114 1]
[ 63 1]
[ 50 1]
[ 13 1]
[ 45 1]
[ 167 1]
[ 12 1]
[ 22 1]
[ 80 1]
[ 151 1]
[ 178 1]
[ 4 1]
[ 198 1]
[ 17 1]
[ 24 1]
[ 51 1]
[ 43 1]
[ 25 1]
[ 34 1]
[ 127 1]
[ 149 1]
[ 7 1]
[ 77 1]
[ 87 1]
[ 98 1]
[ 181 1]
[ 130 1]
[ 164 1]
[ 18 1]
[ 27 1]
[ 9 1]
[ 10 1]
[ 103 1]
[ 3 1]
[ 148 1]
[ 1 1]
[ 14 1]
[ 171 1]
[ 94 1]
[ 172 1]
[ 118 9]
[ 15 4]
[ 112 3]
[ 55 1]
[ 193 1]
[ 66 1]
[ 86 1]
[ 26 1]
[ 137 1]
[ 49 1]
[ 123 1]
[ 145 1]
[ 21 1]
[ 53 1]
[ 129 1]
[ 176 1]
[ 88 1]
[ 71 1]
[ 195 1]
[ 84 1]
[ 177 1]
[ 48 1]
[ 174 1]
[ 58 1]
[ 110 1]
[ 168 1]
[ 38 1]
[ 33 1]
[ 162 1]
[ 138 1]
[ 23 1]
[ 81 1]
[ 75 1]
[ 119 1]
[ 72 1]
[ 85 1]
[ 102 1]
[ 109 1]
[ 0 1]
[ 146 1]
[ 166 1]
[ 190 1]
[ 11 1]
[ 47 1]
[ 44 1]
[ 52 1]
[ 122 1]
[ 99 1]
[ 101 1]
[ 41 1]
[ 111 1]
[ 116 1]
[ 39 1]
[ 65 1]
[ 32 1]
[ 133 1]
[ 140 1]
[ 141 1]
[ 169 1]
[ 6 1]
[ 199 1]
[ 64 1]
[ 59 1]
[ 60 1]
[ 82 1]
[ 165 1]
[ 31 1]
[ 131 1]
[ 76 1]
[ 29 1]
[ 142 1]
[ 20 1]
[ 154 1]
[ 158 1]
[ 143 1]
[ 70 1]
[ 182 1]
[ 183 1]
[ 184 1]
[ 8 1]
[ 188 1]
[ 189 1]
[ 194 1]
[ 197 1]
[ 95 1]
[ 104 1]
[ 121 1]
[ 106 1]
[ 124 1]
[ 83 1]
[ 56 1]
[ 192 1]
[ 45 1]
[ 50 1]
[ 13 1]
[ 167 1]
[ 40 1]
[ 147 1]
[ 22 1]
[ 128 1]
[ 97 1]
[ 120 1]
[ 57 1]
[ 114 1]
[ 42 1]
[ 96 1]
[ 67 1]
[ 80 1]
[ 136 1]
[ 108 1]
[ 175 1]
[ 25 1]
[ 17 1]
[ 36 1]
[ 149 1]
[ 151 1]
[ 155 1]
[ 115 1]
[ 98 1]
[ 153 1]
[ 79 1]
[ 7 1]
[ 130 1]
[ 107 1]
[ 181 1]
[ 180 1]
[ 18 1]
[ 10 1]
[ 1 1]
[ 61 1]
[ 163 1]
[ 19 1]
[ 66 1]
[ 156 1]
[ 193 1]
[ 55 1]
[ 26 1]
[ 86 1]
[ 145 1]
[ 21 1]
[ 123 1]
[ 37 1]
[ 49 1]
[ 88 1]
[ 129 1]
[ 134 1]
[ 53 1]
[ 71 1]
[ 62 1]
[ 176 1]
[ 161 1]
[ 168 1]
[ 186 1]
[ 177 1]
[ 92 1]
[ 48 1]
[ 93 1]
[ 58 1]
[ 195 1]
[ 174 1]
[ 110 1]
[ 113 1]
[ 38 1]
[ 162 1]
[ 191 1]
[ 33 1]
[ 159 1]
[ 23 1]
[ 138 1]
[ 68 1]
[ 72 1]
[ 75 1]
[ 100 1]
[ 196 1]
[ 0 1]
[ 81 1]
[ 190 1]
[ 146 1]
[ 102 1]
[ 109 1]
[ 166 1]
[ 119 1]
[ 47 1]
[ 44 1]
[ 52 1]
[ 11 1]
[ 32 1]
[ 99 1]
[ 141 1]
[ 140 1]
[ 144 1]
[ 101 1]
[ 135 1]
[ 133 1]
[ 169 1]
[ 82 1]
[ 170 1]
[ 59 1]
[ 64 1]
[ 65 1]
[ 199 1]
[ 35 1]
[ 60 1]
[ 6 1]
[ 78 1]
[ 116 1]
[ 122 1]
[ 41 1]
[ 111 1]
[ 131 1]
[ 31 1]
[ 30 1]
[ 121 1]
[ 124 1]
[ 158 1]
[ 125 1]
[ 173 1]
[ 197 1]
[ 194 1]
[ 8 1]
[ 189 1]
[ 188 1]
[ 184 1]
[ 183 1]
[ 182 1]
[ 142 1]
[ 165 1]
[ 20 1]
[ 160 1]
[ 132 1]
[ 154 1]
[ 28 1]
[ 29 1]
[ 90 1]
[ 104 1]
[ 83 1]
[ 106 1]
[ 76 1]
[ 70 1]
[ 73 1]
[ 95 1]
[ 50 1]
[ 185 1]
[ 97 1]
[ 12 1]
[ 45 1]
[ 147 1]
[ 13 1]
[ 167 1]
[ 22 1]
[ 40 1]
[ 120 1]
[ 114 1]
[ 56 1]
[ 5 1]
[ 192 1]
[ 128 1]
[ 57 1]
[ 74 1]
[ 63 1]
[ 178 1]
[ 175 1]
[ 80 1]
[ 67 1]
[ 17 1]
[ 51 1]
[ 89 1]
[ 198 1]
[ 36 1]
[ 155 1]
[ 108 1]
[ 127 1]
[ 34 1]
[ 136 1]
[ 46 1]
[ 149 1]
[ 96 1]
[ 151 1]
[ 42 1]
[ 43 1]
[ 181 1]
[ 7 1]
[ 180 1]
[ 150 1]
[ 79 1]
[ 77 1]
[ 130 1]
[ 69 1]
[ 54 1]
[ 152 1]
[ 153 1]
[ 18 1]
[ 87 1]
[ 164 1]
[ 27 1]
[ 1 1]
[ 117 1]
[ 61 1]
[ 10 1]
[ 103 1]
[ 148 1]
[ 91 1]
[ 14 1]
[ 179 1]
[ 94 1]
[ 126 1]
[ 171 1]
[ 163 1]
[ 19 1]
[ 172 1]
[ 193 1]
[ 156 1]
[ 66 1]
[ 26 1]
[ 55 1]
[ 86 1]
[ 21 1]
[ 49 1]
[ 37 1]
[ 137 1]
[ 145 1]
[ 129 1]
[ 161 1]
[ 71 1]
[ 88 1]
[ 134 1]
[ 53 1]
[ 176 1]
[ 62 1]
[ 38 1]
[ 48 1]
[ 33 1]
[ 138 1]
[ 113 1]
[ 58 1]
[ 92 1]
[ 93 1]
[ 139 1]
[ 174 1]
[ 84 1]
[ 191 1]
[ 23 1]
[ 159 1]
[ 16 1]
[ 186 1]
[ 162 1]
[ 177 1]
[ 168 1]
[ 102 1]
[ 68 1]
[ 11 1]
[ 109 1]
[ 0 1]
[ 190 1]
[ 100 1]
[ 196 1]
[ 52 1]
[ 81 1]
[ 47 1]
[ 166 1]
[ 44 1]
[ 119 1]
[ 146 1]
[ 75 1]
[ 72 1]
[ 199 1]
[ 82 1]
[ 78 1]
[ 99 1]
[ 101 1]
[ 111 1]
[ 116 1]
[ 122 1]
[ 133 1]
[ 135 1]
[ 140 1]
[ 141 1]
[ 144 1]
[ 169 1]
[ 170 1]
[ 6 1]
[ 41 1]
[ 59 1]
[ 60 1]
[ 39 1]
[ 32 1]
[ 65 1]
[ 64 1]
[ 29 1]
[ 188 1]
[ 121 1]
[ 125 1]
[ 131 1]
[ 132 1]
[ 31 1]
[ 30 1]
[ 124 1]
[ 142 1]
[ 28 1]
[ 183 1]
[ 182 1]
[ 154 1]
[ 157 1]
[ 158 1]
[ 160 1]
[ 20 1]
[ 8 1]
[ 173 1]
[ 76 1]
[ 194 1]
[ 95 1]
[ 70 1]
[ 73 1]
[ 83 1]
[ 104 1]
[ 197 1]
[ 106 1]
[ 189 1]
[ 90 1]
[ 56 1]
[ 97 1]
[ 50 1]
[ 22 1]
[ 114 1]
[ 192 1]
[ 40 1]
[ 63 1]
[ 74 1]
[ 185 1]
[ 5 1]
[ 128 1]
[ 2 1]
[ 13 1]
[ 147 1]
[ 167 1]
[ 57 1]
[ 120 1]
[ 12 1]
[ 45 1]
[ 198 1]
[ 151 1]
[ 80 1]
[ 24 1]
[ 178 1]
[ 175 1]
[ 17 1]
[ 108 1]
[ 4 1]
[ 51 1]
[ 115 1]
[ 46 1]
[ 43 1]
[ 42 1]
[ 127 1]
[ 36 1]
[ 136 1]
[ 34 1]
[ 96 1]
[ 89 1]
[ 25 1]
[ 149 1]
[ 181 1]
[ 7 1]
[ 77 1]
[ 180 1]
[ 18 1]
[ 87 1]
[ 69 1]
[ 152 1]
[ 150 1]
[ 98 1]
[ 130 1]
[ 54 1]
[ 107 1]
[ 117 1]
[ 1 1]
[ 91 1]
[ 3 1]
[ 61 1]
[ 103 1]
[ 27 1]
[ 148 1]
[ 10 1]
[ 14 1]
[ 171 1]
[ 126 1]
[ 94 1]
[ 163 1]
[ 19 1]
[ 193 1]
[ 26 1]
[ 66 1]
[ 156 1]
[ 55 1]
[ 86 1]
[ 49 1]
[ 137 1]
[ 37 1]
[ 145 1]
[ 123 1]
[ 21 1]
[ 161 1]
[ 53 1]
[ 176 1]
[ 129 1]
[ 88 1]
[ 62 1]
[ 134 1]
[ 71 1]
[ 48 1]
[ 113 1]
[ 33 1]
[ 110 1]
[ 38 1]
[ 93 1]
[ 92 1]
[ 138 1]
[ 139 1]
[ 174 1]
[ 84 1]
[ 195 1]
[ 191 1]
[ 23 1]
[ 168 1]
[ 159 1]
[ 186 1]
[ 162 1]
[ 177 1]
[ 100 1]
[ 109 1]
[ 11 1]
[ 102 1]
[ 166 1]
[ 190 1]
[ 0 1]
[ 52 1]
[ 75 1]
[ 47 1]
[ 68 1]
[ 44 1]
[ 119 1]
[ 146 1]
[ 85 1]
[ 72 1]
[ 199 1]
[ 78 1]
[ 82 1]
[ 99 1]
[ 101 1]
[ 111 1]
[ 116 1]
[ 133 1]
[ 135 1]
[ 140 1]
[ 141 1]
[ 144 1]
[ 169 1]
[ 170 1]
[ 35 1]
[ 60 1]
[ 59 1]
[ 64 1]
[ 32 1]
[ 65 1]
[ 39 1]
[ 6 1]
[ 41 1]
[ 132 1]
[ 131 1]
[ 125 1]
[ 154 1]
[ 124 1]
[ 31 1]
[ 30 1]
[ 29 1]
[ 142 1]
[ 143 1]
[ 121 1]
[ 28 1]
[ 76 1]
[ 157 1]
[ 158 1]
[ 160 1]
[ 20 1]
[ 165 1]
[ 173 1]
[ 182 1]
[ 183 1]
[ 184 1]
[ 8 1]
[ 188 1]
[ 194 1]
[ 197 1]
[ 90 1]
[ 104 1]
[ 106 1]
[ 95 1]
[ 70 1]
[ 83 1]
[ 73 1]
[ 147 1]
[ 167 1]
[ 63 1]
[ 57 1]
[ 13 1]
[ 56 1]
[ 12 1]
[ 22 1]
[ 50 1]
[ 74 1]
[ 40 1]
[ 128 1]
[ 5 1]
[ 192 1]
[ 97 1]
[ 45 1]
[ 120 1]
[ 2 1]
[ 96 1]
[ 43 1]
[ 24 1]
[ 155 1]
[ 17 1]
[ 89 1]
[ 178 1]
[ 67 1]
[ 4 1]
[ 80 1]
[ 198 1]
[ 51 1]
[ 136 1]
[ 34 1]
[ 108 1]
[ 36 1]
[ 25 1]
[ 127 1]
[ 46 1]
[ 149 1]
[ 115 1]
[ 151 1]
[ 42 1]
[ 130 1]
[ 98 1]
[ 7 1]
[ 54 1]
[ 87 1]
[ 181 1]
[ 79 1]
[ 180 1]
[ 18 1]
[ 153 1]
[ 152 1]
[ 150 1]
[ 164 1]
[ 107 1]
[ 103 1]
[ 61 1]
[ 27 1]
[ 9 1]
[ 148 1]
[ 3 1]
[ 10 1]
[ 117 1]
[ 14 1]
[ 171 1]
[ 126 1]
[ 179 1]
[ 19 1]
[ 112 5]
[ 15 4]
[ 66 1]
[ 193 1]
[ 26 1]
[ 156 1]
[ 86 1]
[ 55 1]
[ 123 1]
[ 49 1]
[ 21 1]
[ 137 1]
[ 145 1]
[ 37 1]
[ 53 1]
[ 161 1]
[ 176 1]
[ 62 1]
[ 129 1]
[ 88 1]
[ 71 1]
[ 134 1]
[ 48 1]
[ 113 1]
[ 110 1]
[ 58 1]
[ 93 1]
[ 38 1]
[ 92 1]
[ 33 1]
[ 138 1]
[ 174 1]
[ 139 1]
[ 84 1]
[ 195 1]
[ 191 1]
[ 23 1]
[ 16 1]
[ 168 1]
[ 159 1]
[ 162 1]
[ 186 1]
[ 177 1]
[ 68 1]
[ 11 1]
[ 109 1]
[ 102 1]
[ 0 1]
[ 100 1]
[ 190 1]
[ 196 1]
[ 52 1]
[ 81 1]
[ 166 1]
[ 47 1]
[ 44 1]
[ 119 1]
[ 85 1]
[ 146 1]
[ 75 1]
[ 72 1]
[ 78 1]
[ 82 1]
[ 133 1]
[ 99 1]
[ 101 1]
[ 111 1]
[ 122 1]
[ 199 1]
[ 135 1]
[ 140 1]
[ 141 1]
[ 144 1]
[ 169 1]
[ 170 1]
[ 41 1]
[ 6 1]
[ 59 1]
[ 39 1]
[ 35 1]
[ 32 1]
[ 60 1]
[ 65 1]
[ 64 1]
[ 28 1]
[ 104 1]
[ 183 1]
[ 106 1]
[ 189 1]
[ 125 1]
[ 184 1]
[ 188 1]
[ 124 1]
[ 143 1]
[ 142 1]
[ 29 1]
[ 30 1]
[ 31 1]
[ 121 1]
[ 132 1]
[ 182 1]
[ 173 1]
[ 76 1]
[ 165 1]
[ 83 1]
[ 73 1]
[ 70 1]
[ 197 1]
[ 131 1]
[ 20 1]
[ 160 1]
[ 90 1]
[ 194 1]
[ 8 1]
[ 95 1]
[ 158 1]
[ 157 1]
[ 154 1]
[ 13 1]
[ 185 1]
[ 147 1]
[ 22 1]
[ 12 1]
[ 167 1]
[ 40 1]
[ 74 1]
[ 2 1]
[ 97 1]
[ 192 1]
[ 63 1]
[ 5 1]
[ 57 1]
[ 56 1]
[ 50 1]
[ 114 1]
[ 45 1]
[ 128 1]
[ 120 1]
[ 115 1]
[ 17 1]
[ 198 1]
[ 80 1]
[ 42 1]
[ 175 1]
[ 178 1]
[ 67 1]
[ 89 1]
[ 4 1]
[ 36 1]
[ 24 1]
[ 155 1]
[ 43 1]
[ 151 1]
[ 136 1]
[ 149 1]
[ 34 1]
[ 108 1]
[ 25 1]
[ 51 1]
[ 46 1]
[ 180 1]
[ 181 1]
[ 7 1]
[ 77 1]
[ 98 1]
[ 54 1]
[ 130 1]
[ 107 1]
[ 150 1]
[ 152 1]
[ 153 1]
[ 87 1]
[ 164 1]
[ 18 1]
[ 69 1]
[ 79 1]
[ 91 1]
[ 1 1]
[ 61 1]
[ 3 1]
[ 103 1]
[ 117 1]
[ 27 1]
[ 148 1]
[ 9 1]
[ 10 1]
[ 14 1]
[ 126 1]
[ 179 1]
[ 94 1]
[ 163 1]
[ 171 1]
[ 19 1]
[ 172 1]
[ 156 2]
[ 26 1]
[ 66 1]
[ 86 1]
[ 193 1]
[ 55 1]
[ 137 1]
[ 145 1]
[ 37 1]
[ 21 1]
[ 123 1]
[ 49 1]
[ 134 1]
[ 88 1]
[ 53 1]
[ 62 1]
[ 161 1]
[ 71 1]
[ 129 1]
[ 176 1]
[ 186 1]
[ 33 1]
[ 38 1]
[ 84 1]
[ 174 1]
[ 48 1]
[ 58 1]
[ 177 1]
[ 92 1]
[ 139 1]
[ 138 1]
[ 195 1]
[ 113 1]
[ 16 1]
[ 191 1]
[ 159 1]
[ 23 1]
[ 162 1]
[ 93 1]
[ 75 1]
[ 81 1]
[ 102 1]
[ 109 1]
[ 85 1]
[ 72 1]
[ 100 1]
[ 119 1]
[ 166 1]
[ 146 1]
[ 0 1]
[ 52 1]
[ 190 1]
[ 11 1]
[ 196 1]
[ 44 1]
[ 47 1]
[ 169 1]
[ 99 1]
[ 122 1]
[ 78 1]
[ 170 1]
[ 35 1]
[ 41 1]
[ 82 1]
[ 111 1]
[ 39 1]
[ 6 1]
[ 135 1]
[ 101 1]
[ 140 1]
[ 141 1]
[ 65 1]
[ 64 1]
[ 32 1]
[ 116 1]
[ 144 1]
[ 60 1]
[ 59 1]
[ 157 1]
[ 106 1]
[ 189 1]
[ 158 1]
[ 104 1]
[ 20 1]
[ 28 1]
[ 194 1]
[ 124 1]
[ 125 1]
[ 154 1]
[ 8 1]
[ 131 1]
[ 132 1]
[ 197 1]
[ 142 1]
[ 143 1]
[ 70 1]
[ 76 1]
[ 173 1]
[ 183 1]
[ 83 1]
[ 73 1]
[ 184 1]
[ 165 1]
[ 90 1]
[ 31 1]
[ 30 1]
[ 95 1]
[ 29 1]
[ 160 1]
[ 188 1]
[ 45 1]
[ 22 1]
[ 63 1]
[ 5 1]
[ 50 1]
[ 147 1]
[ 74 1]
[ 2 1]
[ 57 1]
[ 128 1]
[ 40 1]
[ 185 1]
[ 120 1]
[ 12 1]
[ 13 1]
[ 114 1]
[ 192 1]
[ 97 1]
[ 56 1]
[ 149 1]
[ 155 1]
[ 198 1]
[ 175 1]
[ 178 1]
[ 36 1]
[ 136 1]
[ 80 1]
[ 67 1]
[ 89 1]
[ 51 1]
[ 96 1]
[ 43 1]
[ 108 1]
[ 115 1]
[ 34 1]
[ 25 1]
[ 127 1]
[ 24 1]
[ 17 1]
[ 4 1]
[ 77 1]
[ 181 1]
[ 54 1]
[ 18 1]
[ 7 1]
[ 69 1]
[ 79 1]
[ 87 1]
[ 150 1]
[ 164 1]
[ 152 1]
[ 98 1]
[ 153 1]
[ 130 1]
[ 103 1]
[ 10 1]
[ 9 1]
[ 27 1]
[ 117 1]
[ 148 1]
[ 3 1]
[ 61 1]
[ 1 1]
[ 14 1]
[ 126 1]
[ 94 1]
[ 163 1]
[ 171 1]
[ 19 1]
[ 172 1]
[ 86 1]
[ 193 1]
[ 66 1]
[ 123 1]
[ 49 1]
[ 21 1]
[ 37 1]
[ 62 1]
[ 134 1]
[ 53 1]
[ 129 1]
[ 88 1]
[ 71 1]
[ 176 1]
[ 161 1]
[ 84 1]
[ 48 1]
[ 138 1]
[ 139 1]
[ 58 1]
[ 177 1]
[ 174 1]
[ 92 1]
[ 168 1]
[ 110 1]
[ 191 1]
[ 38 1]
[ 195 1]
[ 16 1]
[ 33 1]
[ 162 1]
[ 23 1]
[ 72 1]
[ 166 1]
[ 75 1]
[ 81 1]
[ 119 1]
[ 85 1]
[ 11 1]
[ 102 1]
[ 109 1]
[ 196 1]
[ 68 1]
[ 47 1]
[ 52 1]
[ 39 1]
[ 135 1]
[ 170 1]
[ 169 1]
[ 6 1]
[ 116 1]
[ 101 1]
[ 99 1]
[ 140 1]
[ 35 1]
[ 133 1]
[ 32 1]
[ 82 1]
[ 59 1]
[ 144 1]
[ 122 1]
[ 78 1]
[ 141 1]
[ 41 1]
[ 143 1]
[ 132 1]
[ 160 1]
[ 142 1]
[ 125 1]
[ 124 1]
[ 131 1]
[ 154 1]
[ 157 1]
[ 165 1]
[ 73 1]
[ 184 1]
[ 188 1]
[ 189 1]
[ 183 1]
[ 182 1]
[ 20 1]
[ 30 1]
[ 29 1]
[ 70 1]
[ 194 1]
[ 76 1]
[ 28 1]
[ 197 1]
[ 83 1]
[ 90 1]
[ 173 1]
[ 104 1]
[ 106 1]
[ 12 1]
[ 147 1]
[ 192 1]
[ 114 1]
[ 5 1]
[ 185 1]
[ 45 1]
[ 167 1]
[ 56 1]
[ 57 1]
[ 63 1]
[ 74 1]
[ 120 1]
[ 175 1]
[ 198 1]
[ 108 1]
[ 51 1]
[ 155 1]
[ 46 1]
[ 43 1]
[ 36 1]
[ 34 1]
[ 89 1]
[ 25 1]
[ 115 1]
[ 24 1]
[ 136 1]
[ 17 1]
[ 149 1]
[ 4 1]
[ 151 1]
[ 181 1]
[ 7 1]
[ 180 1]
[ 54 1]
[ 77 1]
[ 79 1]
[ 98 1]
[ 164 1]
[ 150 1]
[ 27 1]
[ 117 1]
[ 148 1]
[ 9 1]
[ 3 1]
[ 1 1]
[ 14 1]
[ 193 1]
[ 66 1]
[ 26 1]
[ 86 1]
[ 156 1]
[ 55 1]
[ 37 1]
[ 49 1]
[ 145 1]
[ 21 1]
[ 123 1]
[ 137 1]
[ 161 1]
[ 53 1]
[ 88 1]
[ 176 1]
[ 62 1]
[ 93 1]
[ 110 1]
[ 58 1]
[ 48 1]
[ 92 1]
[ 138 1]
[ 139 1]
[ 38 1]
[ 159 1]
[ 23 1]
[ 162 1]
[ 84 1]
[ 168 1]
[ 16 1]
[ 174 1]
[ 177 1]
[ 186 1]
[ 191 1]
[ 85 1]
[ 0 1]
[ 81 1]
[ 100 1]
[ 102 1]
[ 109 1]
[ 119 1]
[ 146 1]
[ 166 1]
[ 190 1]
[ 44 1]
[ 75 1]
[ 72 1]
[ 68 1]
[ 99 1]
[ 122 1]
[ 116 1]
[ 169 1]
[ 170 1]
[ 65 1]
[ 135 1]
[ 35 1]
[ 199 1]
[ 82 1]
[ 78 1]
[ 141 1]
[ 140 1]
[ 144 1]
[ 131 1]
[ 154 1]
[ 29 1]
[ 157 1]
[ 132 1]
[ 143 1]
[ 125 1]
[ 20 1]
[ 124 1]
[ 31 1]
[ 184 1]
[ 197 1]
[ 194 1]
[ 70 1]
[ 8 1]
[ 95 1]
[ 121 1]
[ 183 1]
[ 106 1]
[ 173 1]
[ 165 1]
[ 28 1]
[ 12 1]
[ 185 1]
[ 147 1]
[ 40 1]
[ 192 1]
[ 22 1]
[ 57 1]
[ 63 1]
[ 114 1]
[ 50 1]
[ 128 1]
[ 45 1]
[ 175 1]
[ 51 1]
[ 67 1]
[ 96 1]
[ 4 1]
[ 25 1]
[ 89 1]
[ 198 1]
[ 151 1]
[ 149 1]
[ 80 1]
[ 136 1]
[ 43 1]
[ 42 1]
[ 77 1]
[ 107 1]
[ 79 1]
[ 54 1]
[ 18 1]
[ 164 1]
[ 130 1]
[ 152 1]
[ 10 1]
[ 117 1]
[ 9 1]
[ 3 1]
[ 91 1]
[ 1 1]
[ 148 1]
[ 14 1]
[ 179 1]
[ 94 1]
[ 126 1]
[ 55 1]
[ 193 1]
[ 66 1]
[ 26 1]
[ 86 1]
[ 156 1]
[ 21 1]
[ 37 1]
[ 123 1]
[ 49 1]
[ 137 1]
[ 176 1]
[ 88 1]
[ 71 1]
[ 129 1]
[ 161 1]
[ 134 1]
[ 62 1]
[ 48 1]
[ 162 1]
[ 58 1]
[ 159 1]
[ 113 1]
[ 110 1]
[ 84 1]
[ 93 1]
[ 139 1]
[ 186 1]
[ 191 1]
[ 174 1]
[ 177 1]
[ 38 1]
[ 16 1]
[ 85 1]
[ 68 1]
[ 196 1]
[ 47 1]
[ 109 1]
[ 81 1]
[ 75 1]
[ 146 1]
[ 11 1]
[ 100 1]
[ 102 1]
[ 119 1]
[ 44 1]
[ 166 1]
[ 52 1]
[ 116 1]
[ 99 1]
[ 199 1]
[ 140 1]
[ 141 1]
[ 6 1]
[ 144 1]
[ 170 1]
[ 41 1]
[ 64 1]
[ 133 1]
[ 32 1]
[ 35 1]
[ 122 1]
[ 65 1]
[ 111 1]
[ 78 1]
[ 59 1]
[ 39 1]
[ 60 1]
[ 82 1]
[ 125 1]
[ 124 1]
[ 121 1]
[ 131 1]
[ 157 1]
[ 104 1]
[ 183 1]
[ 197 1]
[ 182 1]
[ 173 1]
[ 29 1]
[ 30 1]
[ 165 1]
[ 188 1]
[ 160 1]
[ 158 1]
[ 70 1]
[ 73 1]
[ 76 1]
[ 154 1]
[ 189 1]
[ 90 1]
[ 194 1]
[ 128 1]
[ 97 1]
[ 185 1]
[ 120 1]
[ 2 1]
[ 74 1]
[ 114 1]
[ 12 1]
[ 192 1]
[ 13 1]
[ 63 1]
[ 22 1]
[ 56 1]
[ 40 1]
[ 50 1]
[ 25 1]
[ 67 1]
[ 51 1]
[ 46 1]
[ 43 1]
[ 42 1]
[ 127 1]
[ 175 1]
[ 178 1]
[ 198 1]
[ 155 1]
[ 115 1]
[ 151 1]
[ 136 1]
[ 149 1]
[ 80 1]
[ 89 1]
[ 96 1]
[ 87 1]
[ 130 1]
[ 7 1]
[ 107 1]
[ 180 1]
[ 98 1]
[ 18 1]
[ 69 1]
[ 150 1]
[ 164 1]
[ 152 1]
[ 54 1]
[ 153 1]
[ 79 1]
[ 103 1]
[ 148 1]
[ 1 1]
[ 91 1]
[ 27 1]
[ 10 1]
[ 9 1]
[ 3 1]
[ 163 1]
[ 126 1]
[ 94 1]
[ 172 1]
[ 193 1]
[ 55 1]
[ 156 1]
[ 137 1]
[ 21 1]
[ 71 1]
[ 53 1]
[ 161 1]
[ 176 1]
[ 159 1]
[ 16 1]
[ 113 1]
[ 162 1]
[ 38 1]
[ 93 1]
[ 84 1]
[ 168 1]
[ 0 1]
[ 68 1]
[ 72 1]
[ 85 1]
[ 11 1]
[ 47 1]
[ 111 1]
[ 59 1]
[ 35 1]
[ 6 1]
[ 65 1]
[ 82 1]
[ 101 1]
[ 133 1]
[ 32 1]
[ 143 1]
[ 125 1]
[ 142 1]
[ 131 1]
[ 165 1]
[ 8 1]
[ 184 1]
[ 188 1]
[ 106 1]
[ 104 1]
[ 95 1]
[ 2 1]
[ 63 1]
[ 56 1]
[ 74 1]
[ 13 1]
[ 22 1]
[ 120 1]
[ 40 1]
[ 155 1]
[ 51 1]
[ 17 1]
[ 89 1]
[ 80 1]
[ 36 1]
[ 4 1]
[ 175 1]
[ 136 1]
[ 77 1]
[ 181 1]
[ 153 1]
[ 79 1]
[ 164 1]
[ 179 1]
[ 112 1]
[ 15 1]
[ 86 1]
[ 26 1]
[ 156 1]
[ 55 1]
[ 137 1]
[ 145 1]
[ 49 1]
[ 123 1]
[ 21 1]
[ 53 1]
[ 134 1]
[ 129 1]
[ 176 1]
[ 88 1]
[ 93 1]
[ 48 1]
[ 58 1]
[ 110 1]
[ 84 1]
[ 38 1]
[ 92 1]
[ 33 1]
[ 138 1]
[ 195 1]
[ 23 1]
[ 159 1]
[ 162 1]
[ 168 1]
[ 191 1]
[ 16 1]
[ 174 1]
[ 75 1]
[ 196 1]
[ 190 1]
[ 81 1]
[ 109 1]
[ 85 1]
[ 102 1]
[ 72 1]
[ 100 1]
[ 68 1]
[ 119 1]
[ 0 1]
[ 146 1]
[ 44 1]
[ 135 1]
[ 199 1]
[ 111 1]
[ 122 1]
[ 169 1]
[ 32 1]
[ 41 1]
[ 99 1]
[ 121 1]
[ 157 1]
[ 158 1]
[ 132 1]
[ 142 1]
[ 143 1]
[ 20 1]
[ 183 1]
[ 30 1]
[ 189 1]
[ 188 1]
[ 8 1]
[ 76 1]
[ 83 1]
[ 106 1]
[ 154 1]
[ 182 1]
[ 128 1]
[ 185 1]
[ 22 1]
[ 57 1]
[ 114 1]
[ 13 1]
[ 2 1]
[ 34 1]
[ 24 1]
[ 17 1]
[ 155 1]
[ 25 1]
[ 36 1]
[ 46 1]
[ 127 1]
[ 51 1]
[ 67 1]
[ 198 1]
[ 180 1]
[ 150 1]
[ 7 1]
[ 18 1]
[ 153 1]
[ 69 1]
[ 87 1]
[ 10 1]
[ 9 1]
[ 148 1]
[ 61 1]
[ 103 1]
[ 3 1]
[ 91 1]
[ 1 1]
[ 179 1]
[ 118 1]
[ 15 1]
[ 193 1]
[ 86 1]
[ 66 1]
[ 26 1]
[ 156 1]
[ 55 1]
[ 123 1]
[ 137 1]
[ 145 1]
[ 62 1]
[ 134 1]
[ 53 1]
[ 71 1]
[ 88 1]
[ 113 1]
[ 110 1]
[ 139 1]
[ 93 1]
[ 48 1]
[ 84 1]
[ 38 1]
[ 162 1]
[ 33 1]
[ 168 1]
[ 174 1]
[ 23 1]
[ 177 1]
[ 186 1]
[ 191 1]
[ 0 1]
[ 119 1]
[ 166 1]
[ 100 1]
[ 190 1]
[ 85 1]
[ 196 1]
[ 81 1]
[ 44 1]
[ 47 1]
[ 72 1]
[ 140 1]
[ 199 1]
[ 6 1]
[ 170 1]
[ 35 1]
[ 39 1]
[ 41 1]
[ 144 1]
[ 141 1]
[ 82 1]
[ 135 1]
[ 122 1]
[ 116 1]
[ 60 1]
[ 65 1]
[ 99 1]
[ 64 1]
[ 157 1]
[ 143 1]
[ 142 1]
[ 76 1]
[ 182 1]
[ 132 1]
[ 131 1]
[ 30 1]
[ 173 1]
[ 160 1]
[ 125 1]
[ 124 1]
[ 83 1]
[ 104 1]
[ 121 1]
[ 90 1]
[ 31 1]
[ 194 1]
[ 197 1]
[ 165 1]
[ 167 1]
[ 147 1]
[ 97 1]
[ 22 1]
[ 128 1]
[ 192 1]
[ 5 1]
[ 120 1]
[ 50 1]
[ 74 1]
[ 178 1]
[ 80 1]
[ 89 1]
[ 149 1]
[ 34 1]
[ 115 1]
[ 108 1]
[ 51 1]
[ 127 1]
[ 46 1]
[ 43 1]
[ 180 1]
[ 181 1]
[ 98 1]
[ 130 1]
[ 152 1]
[ 9 1]
[ 61 1]
[ 3 1]
[ 91 1]
[ 14 1]
[ 126 1]
[ 163 1]
[ 19 1]
[ 193 1]
[ 145 1]
[ 49 1]
[ 123 1]
[ 176 1]
[ 161 1]
[ 129 1]
[ 195 1]
[ 92 1]
[ 52 1]
[ 146 1]
[ 101 1]
[ 170 1]
[ 90 1]
[ 189 1]
[ 184 1]
[ 160 1]
[ 132 1]
[ 56 1]
[ 5 1]
[ 136 1]
[ 36 1]
[ 46 1]
[ 25 1]
[ 115 1]
[ 96 1]
[ 150 1]
[ 152 1]
[ 153 1]
[ 10 1]
[ 3 1]
[ 126 1]
